10
100
1872 2496 2400 2448 2208 720 1872 3600 3408 192 3120 2592 4560 3024 3792 2736 3360 4560 1536 1152 3984 288 2352 1008 4032 2016 720 336 2304 3840 2976 3648 1824 1248 3264 4416 4560 2592 2496 336 4128 1008 864 1056 2592 1200 1488 672 2880 3600 1920 3408 4176 3792 1584 1824 1344 3600 816 240 1728 3696 1344 1872 4128 4368 3168 2496 4176 3072 1344 336 576 2592 2976 2112 3216 1488 3648 1872 1056 960 2592 1920 3600 2832 1728 624 2112 1824 384 768 3888 1440 1296 4752 2880 4272 4608 3600 
100
96 2400 1392 360 1800 1176 2040 432 1104 2208 816 696 264 1512 1752 72 2088 1440 1656 2064 1224 624 2280 2376 792 600 1512 1368 1896 1728 288 816 864 2064 1680 576 408 1104 816 240 96 888 600 504 48 888 2016 1680 1152 72 600 1536 96 384 2400 336 1512 696 1488 576 936 768 1128 264 1584 2016 1272 2160 504 2400 1776 960 1608 1896 2160 2016 240 384 1344 1560 864 792 1632 1320 624 1608 216 1848 384 936 288 2136 1752 1920 72 48 1008 2256 1752 1512 
100
2970 3078 3672 3186 2268 1080 162 3888 702 2160 3510 3618 5400 648 1350 5076 3726 4806 1890 594 5400 4104 5076 3240 5238 4968 5022 4482 3132 4482 1620 1890 4914 2592 3672 4374 3456 3024 2052 2376 486 162 4482 5022 1134 1728 432 1080 2322 3888 2376 1944 4968 3564 2106 3402 1350 864 5238 1674 648 1404 3348 3672 5130 4320 594 4806 4590 5346 648 3186 1458 4860 2268 3456 5022 3402 702 1620 2160 2106 1998 2322 1998 4212 2700 3240 1728 216 1944 756 4968 2808 2484 378 2214 540 5238 2160 
100
1365 1869 399 1029 1365 1113 1827 1260 1911 1197 840 105 1176 1008 1071 1995 2016 1533 1785 819 756 1323 1134 294 1155 42 105 525 2058 1890 1386 126 2100 1617 1533 609 987 819 2016 1659 588 756 1302 126 1533 651 1050 1470 1659 42 105 1911 462 1911 1428 1890 1890 105 1323 714 147 819 1680 399 21 231 1743 1176 1197 735 1785 714 294 567 336 2079 525 2037 945 441 2016 2079 1071 483 1512 1890 1386 420 336 1470 462 504 693 84 1911 1638 189 525 1995 609 
100
1548 3384 2412 2736 2880 180 684 1692 1044 216 216 1224 1656 3312 2376 72 1080 2448 2700 540 1044 684 792 3420 72 1620 1044 3348 936 2268 2808 2268 468 1980 1548 3204 1620 2772 3492 2088 1368 2556 216 1584 1332 288 2268 3384 1368 3132 2520 3276 576 252 900 1656 1332 72 2664 1584 936 3096 1872 72 252 1872 1764 1332 1728 2700 2664 900 540 2232 1260 3204 612 3600 2520 2916 3600 2880 1800 1836 468 2952 2988 2340 1512 360 216 3060 864 1368 3420 3060 1224 1980 3348 108 
100
3402 42 3780 756 3990 1638 4158 4032 2310 462 1848 3864 756 1722 420 966 4032 2772 2436 2856 1470 3486 2604 2982 1806 1302 1974 1470 3990 1302 3570 3654 504 84 378 1680 1596 4116 1050 2982 1386 168 1722 1722 966 1386 3318 2310 2940 3864 252 3990 2016 1092 3444 882 3444 3696 1092 1722 3864 168 2394 3318 1764 630 2520 1932 462 3066 2604 1722 3360 2016 4200 3024 2982 378 2940 1932 2814 546 2520 2856 2100 1890 3276 2772 3024 1680 1050 3234 2730 588 378 336 3486 2058 2268 3108 
100
396 616 176 2772 2640 4004 1760 3608 1364 176 4400 1364 1540 3916 220 1848 3036 4312 176 4092 396 528 1804 4180 1980 2332 2992 1408 3652 660 1100 2024 968 3784 2816 3696 2860 3564 1232 3520 1012 2244 3036 1320 3168 2288 1980 3608 660 1452 2728 792 1012 924 1232 1672 88 2112 880 4268 1980 220 44 3828 2112 4180 3036 1496 3256 1452 264 44 3256 2156 2420 4180 2024 3168 968 1804 3300 3872 1012 88 1364 3300 3784 3036 1760 2992 2508 2948 3256 2728 2728 2288 3344 3344 924 3740 
100
1300 4004 2236 520 3380 2704 4836 3692 520 364 1456 1820 104 3588 1560 4576 2600 2912 3744 3276 4368 2860 1404 156 4420 416 3536 4888 1612 4004 156 3640 1352 3068 2912 3900 1092 1768 3484 1872 1300 4212 1040 312 5148 2808 4108 728 5148 4680 4888 728 104 4940 260 2184 1404 3900 156 572 1508 3952 3328 4784 4940 1716 3276 4680 1300 3120 936 4160 1716 1352 5044 4472 4576 3432 5044 2444 2756 4004 4992 4732 3016 4472 4836 5096 104 52 2964 4732 4108 1872 3172 1924 1768 3900 1300 4316 
100
3525 6975 6975 5250 4200 5400 3825 600 1650 525 1800 5325 1350 975 3750 6750 1050 6675 6600 5475 6450 4125 2700 6000 3075 4125 3450 525 6225 1875 4650 675 7425 6750 4800 600 4650 3525 5475 6450 7275 3975 4575 4575 3900 1800 7500 5175 3300 450 1125 2775 3225 3975 2250 6825 6825 1800 3525 3450 1350 2625 3675 1500 3825 3750 75 3375 7275 2100 4350 75 7125 5550 6225 6450 1200 3975 4425 600 1050 3675 2850 3900 6150 1350 2775 1650 6225 1275 1575 6450 2325 1050 6525 6600 1725 150 2175 7425 
100
2220 60 1320 1680 1560 2760 1380 2700 3780 2100 3420 3480 120 4980 5820 5340 1260 5820 360 2520 5280 2100 2940 3360 5280 1740 4080 2400 2520 3000 4740 3000 3360 900 4800 5160 5340 6000 1200 2940 180 5400 2640 3600 1020 5040 720 3120 2580 5100 1260 2700 4680 1080 2040 3900 4740 2580 1680 5160 3240 3480 4020 4440 540 3960 1800 5760 3720 240 1380 4140 1320 4620 2400 1860 240 2520 4020 1680 2580 3780 1620 1140 4080 1740 2280 1440 5760 4800 5820 780 2160 5700 5520 1620 960 5040 3960 780 
