10
100
1326 3510 2262 2184 6084 1170 7332 6318 5772 7254 1170 5070 5538 1092 7800 3042 6396 6786 2184 234 7254 2496 4290 156 5148 936 7488 2808 3276 624 7410 4368 2964 1794 4992 6162 3120 3120 156 5928 4524 4290 4602 6552 780 6474 7722 5616 4446 312 5304 1404 5538 6942 3276 1170 2886 4056 5070 1872 2574 3588 6708 3042 7098 4992 1092 2964 1482 2574 3978 468 234 234 1950 2028 6084 5148 2652 3432 6552 6162 4134 6396 6864 5460 1950 2496 2886 7644 4134 624 5694 3822 2496 6162 3120 4524 7176 546 
100
480 2250 2880 1350 2520 870 2400 1380 450 600 780 2790 1500 2250 120 2940 1500 1500 1170 990 30 150 1620 2520 1110 120 1950 1020 2520 1410 2490 630 1650 1830 420 1170 60 990 3000 2340 1860 1770 2850 360 1680 1530 540 60 120 90 1890 300 1200 2370 480 150 2370 2880 1860 2760 540 30 2340 930 2430 2490 2820 330 2460 1530 2490 450 1350 1920 1590 450 1950 2160 720 1170 1320 960 570 2730 1740 1650 30 810 2430 900 2850 2580 750 1050 1440 2250 2610 1890 2430 1350 
100
6000 2720 1440 5520 6720 2000 2240 5440 7120 240 4960 1520 4960 7200 7120 5200 3280 2320 560 4800 1680 720 7120 1360 4160 6240 5920 6560 7360 640 4560 4960 3680 560 6720 7280 3520 2000 2000 2240 7120 1600 5840 2720 400 7840 5040 2880 8000 6960 6640 2800 2880 800 5120 3440 4880 3280 4800 7840 3360 5600 6000 2400 1040 800 6240 6320 2320 2640 2080 6480 6080 6240 1280 7680 6080 4960 800 7840 2960 1920 5920 1760 400 6640 2000 3840 6720 1360 3600 2480 3840 6080 7360 1200 5840 160 4400 8000 
100
4212 4368 3120 3536 4888 1092 3744 3848 4212 4056 2756 2236 2184 1664 2392 4264 5148 3276 1300 1768 156 4368 5148 3224 2496 4160 2496 2080 4420 1664 1196 5148 104 1196 624 2964 4316 3640 832 3952 1560 4576 3380 1456 1404 3744 2288 2912 260 2756 3432 3380 3640 1872 2392 1924 3744 2652 4576 1612 1820 2600 1560 364 2652 2652 3952 1248 4836 936 1144 1976 3692 3640 1456 4524 1092 780 936 1924 4940 2236 4160 4628 5200 4108 4264 2964 4628 208 2756 988 1976 5096 4576 2340 2288 3744 1456 2132 
100
5016 2112 7920 1584 5632 6776 7040 2024 4488 8624 6424 264 5720 6600 2464 2904 7568 5632 8536 616 1672 8712 4752 3696 8800 4224 3696 8624 5016 5808 3872 7216 3520 2992 7304 2200 6160 2728 3696 7216 8800 8096 4840 8272 5280 6776 1056 176 4664 6248 2904 1936 3960 1760 2992 352 8712 4840 7656 6424 2376 4840 3520 4664 4752 8624 6512 1848 5632 4752 6600 3960 2552 3432 5192 3960 2200 880 3696 8536 6600 7832 1232 8360 5368 792 5720 2640 6776 5984 5016 2552 5016 8184 7304 1408 7480 1936 2728 3872 
100
2562 2772 3528 1512 3654 1680 1596 2604 2856 1554 1890 3276 1554 3990 1680 3318 2478 3444 3108 2898 1890 1680 1050 252 1050 42 3822 1722 3444 714 42 1050 546 588 1974 504 588 210 924 378 1974 630 3612 3780 2856 4158 1890 2394 546 588 3906 714 798 1092 3906 504 3318 1470 2310 1176 3234 3108 126 3318 2898 1134 1386 3864 1008 2016 2940 1134 2142 3738 1764 2646 4032 3948 3234 2688 3654 2184 3486 756 2352 2100 2856 3318 252 2688 294 3738 1218 3570 2772 2898 1344 1470 336 252 
100
754 676 2340 2314 1456 1716 2496 1274 2496 2132 2600 2418 156 390 780 1482 624 1508 390 884 1820 286 1326 520 2080 2340 650 208 286 910 2574 2158 754 1872 1872 1742 1482 676 1794 1196 2340 2418 1716 1534 936 390 286 390 338 520 2158 1404 1430 1066 468 104 26 494 2184 208 520 884 676 2340 806 2132 1066 1326 806 286 1144 1170 1508 624 208 1664 650 130 858 1846 858 1014 1768 1456 2002 2340 910 1794 1196 1352 1118 1950 2470 2496 1560 442 2470 962 1196 780 
100
1690 3900 2340 3185 1365 4940 1885 5785 195 6435 2795 1300 975 3705 4550 2015 5850 4810 325 5655 4680 3835 2015 5655 6305 1235 4680 4030 1040 4615 4940 4225 3250 715 1235 2340 3640 2015 6110 4615 5070 3770 1365 5135 3640 2275 4550 3445 2600 2990 5655 3055 2795 4290 2990 1625 1755 195 4095 1365 4485 1950 4745 2210 910 780 5915 455 390 3250 5460 6305 4550 6240 6240 4160 3250 4745 5395 2405 1170 4680 195 1755 585 5135 5070 4355 3380 2600 195 1040 5135 3705 4550 3445 5590 4550 5655 5265 
100
609 1769 2233 1682 2610 2871 899 725 1421 406 2117 2726 2407 1044 957 2697 2755 2262 928 1131 261 1624 1682 2610 1363 928 2813 1827 2436 1305 2784 2320 609 580 1363 1508 1015 1537 290 2639 1131 2639 928 2349 1682 1044 1073 1798 1624 2523 29 986 1508 2581 145 203 1827 2523 29 783 2784 2755 2610 1276 783 1624 2668 1421 1682 2697 1740 1798 696 1421 232 1189 1856 1566 1392 725 2523 1827 1769 87 2146 2146 1827 1131 2349 1160 1740 1537 1537 2407 1624 638 1450 1943 1276 145 
100
2964 1292 2432 1178 3344 266 1216 266 2166 3762 1178 1178 418 2318 912 1368 1330 684 3040 1558 190 2014 3800 2508 2850 2584 1102 2470 3686 1026 1026 1938 2318 3496 2964 760 1330 1672 2622 798 1824 3420 722 3268 1368 76 2508 1444 1330 152 1026 494 874 1862 2850 2698 532 3230 3344 1368 3078 3572 3648 836 2128 570 456 1254 2166 3154 3686 2014 950 2888 2660 3762 1862 1634 1520 1976 494 494 2736 3800 2508 1862 3192 2128 3002 570 266 3306 1406 2508 3002 1064 342 380 1216 266 
