10
100
1036 481 2664 1961 1332 74 3700 3663 1517 1554 1221 1036 2627 3367 3256 2109 2109 2886 1850 2960 3293 2516 2738 2294 222 2627 3515 1073 185 37 2257 1184 666 999 185 2664 3034 481 2590 2146 1184 814 3219 2701 3182 2627 3182 3626 370 2738 1702 74 1813 1998 3034 259 3404 2331 925 444 2849 2812 2701 3441 370 740 2590 740 2294 2035 3108 370 2775 3182 999 481 3404 1332 2738 1147 592 3293 3034 1295 148 222 2775 407 592 2368 3404 1258 37 3219 2294 3404 1998 407 1332 2923 
100
7380 3060 3150 7650 5310 1080 8100 4680 2340 4950 540 3600 8550 7560 3600 1620 8550 1440 7830 2610 5400 4410 3690 3510 5040 4500 270 2880 6570 2430 1170 90 7830 8640 720 2970 2700 5130 540 2160 5490 4500 6390 270 4590 1440 7830 450 2610 540 7470 9000 4230 7920 2340 1620 8190 2250 3330 450 5220 7470 8460 2970 4050 9000 8280 1170 3960 3330 4860 630 7920 5490 3510 4320 8010 5940 5850 1620 3780 450 1980 1260 8910 7920 2160 7380 5400 4680 7020 6480 900 4770 7740 5400 5040 2880 450 4680 
100
4080 80 1040 7840 2160 720 3440 2880 2320 4800 7760 7440 2800 3200 4400 1760 4960 3920 3840 160 2880 3520 8000 4880 5920 7840 5440 3520 7680 7920 5760 6800 6880 4400 3920 5280 5040 6560 6320 7760 3920 560 1360 3840 880 6320 6880 960 5920 5680 4160 7360 3200 160 5440 1600 4160 6640 5760 6320 4240 5440 4160 160 6240 1280 1920 7200 4160 7040 6640 480 6160 5680 2640 4640 6720 240 2960 400 4880 720 160 4240 5520 3280 5680 5920 720 2800 1520 2800 7920 1040 4320 6000 480 1680 5840 3680 
100
248 5580 4092 4340 496 6200 3472 5146 5580 5394 372 5828 1674 6014 62 248 4216 2170 3162 4154 4464 4216 5022 1922 1178 4526 1860 1240 5208 5580 3658 3906 5022 2852 3782 2170 6014 5208 3472 1426 3038 5828 2418 248 930 4712 5456 3968 4464 744 5890 5394 682 2604 806 4898 2480 6138 1736 5704 558 2108 5766 5022 2046 868 930 2604 5332 2170 558 2604 5146 868 1612 4712 1426 4836 806 558 5952 1302 248 3472 3906 5022 930 434 5456 620 3038 3720 2976 4960 62 1116 1240 4898 3410 5828 
100
1886 1189 3567 574 2583 2788 1804 1476 697 2378 820 3239 1558 3854 328 2501 3280 3977 205 2050 2542 3813 697 1517 656 123 2624 3690 2337 2214 4018 615 574 1435 984 3567 2132 164 3239 82 1927 3895 1107 2009 2952 3157 2132 4059 1968 779 3854 3936 2993 3198 3157 2993 492 2091 3075 3813 3690 1763 492 1968 2747 3526 3362 1681 1271 410 738 1804 2665 2788 615 2952 1517 615 1312 1271 2460 3895 1722 1681 3772 1640 984 2214 2173 2993 1845 3731 1804 3608 3362 451 1066 1394 738 1189 
100
156 3224 4472 208 4524 3380 3380 3484 208 4888 3640 5200 4940 3744 3588 1404 1300 3744 3276 3640 780 1248 4836 1352 3120 2236 3536 1300 312 2548 2756 728 1820 1352 4992 1612 3952 3068 4160 3068 5200 1820 4264 988 4680 4264 4940 4472 1820 2808 4524 3796 4472 2028 1560 3744 4784 2236 312 2652 1040 104 3536 4680 3276 3744 156 156 1872 1196 988 2288 3172 3588 884 3484 780 4264 3952 1976 4160 4160 988 3276 936 364 1560 4836 988 1612 4264 572 1300 1872 3120 2080 1924 1404 4420 988 
100
384 3744 4320 768 4752 96 768 2784 240 1824 4752 1296 2304 4656 1488 2352 1776 192 3168 1296 1920 3888 3024 1584 3024 240 2688 1920 3936 4800 1152 3360 4176 1584 4416 3408 912 1296 2832 4176 2784 1536 3264 4128 3600 2592 3984 4704 3744 4752 2448 2784 864 1296 1152 1248 96 4224 288 576 4704 2736 3312 816 1584 576 4416 1248 3648 672 1056 4608 1200 1824 3936 2448 4032 4608 240 1920 3840 4176 1056 4560 3216 2400 768 2208 816 2784 1824 4032 2208 3504 2016 2208 816 4512 1296 2688 
100
3320 4067 415 6059 2822 4067 5893 7885 7304 1577 1079 5146 7221 3984 3735 6391 2324 6972 7470 1660 1162 7470 7636 3652 7055 5063 2324 166 6059 913 7968 8134 2324 5478 6640 8051 830 6972 6059 6889 7138 913 6640 1577 1411 5229 2075 3071 3237 5229 4980 3403 2407 3901 5810 5810 6723 4233 249 4565 6308 2075 581 7968 1245 332 581 996 8134 5727 6059 6889 5976 1494 664 3071 7968 7055 1660 4648 3652 3901 1660 1328 6308 7138 913 1162 7055 2407 6806 5976 1079 6142 3569 664 6889 6557 4648 5976 
100
2499 1938 3111 408 153 2448 1989 5049 1632 4845 2754 1326 2040 4692 2856 3927 1479 2244 612 2958 816 1581 2448 2397 1785 3723 3978 2448 1479 2601 2091 2856 4794 1836 255 51 3213 4386 4998 2601 1020 1020 867 3570 918 510 918 3264 3978 1887 2601 1581 4896 3264 3570 1428 4692 2550 2244 3876 3519 4080 3417 102 2040 1989 663 3366 2652 1785 3672 765 2703 2091 204 3162 306 102 4692 3009 2703 4488 2295 1173 306 1428 1581 102 2703 3519 3417 1530 1836 663 969 306 3060 1479 612 2703 
100
2448 2856 3876 4964 1428 6324 544 3672 6052 5916 4828 1156 1156 3604 2244 2856 5848 5508 748 3876 2584 3876 3740 4420 3944 2448 3400 1224 1428 2788 408 680 1088 4556 3672 408 5168 6120 3264 6800 2924 5644 1632 5644 2244 3128 1360 5236 272 6188 2788 1156 4420 2584 5236 5916 1564 1700 2108 2584 3400 2380 748 1904 1156 4012 6256 4624 2176 952 4012 6528 6256 3264 6052 2516 3604 4148 4556 3672 1904 1632 5100 816 4284 1836 1496 5848 4556 4420 3060 1632 4760 1904 4828 612 136 2448 2720 4352 
