199 68
553 957 679 2 307 747 367 996 361 956 246 810 768 999 144 26 683 105 798 996 76 821 565 917 341 411 63 215 437 407 313 217 688 759 896 963 927 486 228 620 637 931 172 133 482 965 788 855 950 456 935 198 550 971 420 443 721 588 697 361 857 404 215 600 425 150 935 600 
197 106 378 456 872 736 264 753 245 698 845 937 393 123 189 508 13 74 230 430 381 246 234 279 708 504 655 717 958 507 272 862 636 863 140 414 941 399 652 463 9 962 76 340 366 358 602 311 745 843 726 697 175 394 394 375 531 451 800 389 856 298 401 49 555 705 922 262 
711 603 963 695 144 175 160 207 242 503 939 188 856 679 748 789 178 269 10 425 240 448 488 567 254 91 567 823 957 861 645 544 435 488 706 439 41 788 701 368 43 397 514 750 380 530 887 728 764 453 641 511 321 865 660 953 432 1000 321 85 673 400 411 701 910 860 980 7 
912 178 891 895 308 603 84 383 95 528 658 248 429 424 173 969 14 969 159 827 400 400 611 499 461 770 328 562 170 245 882 221 189 754 205 515 293 154 577 879 353 561 803 664 219 261 640 395 161 776 756 97 187 876 479 577 536 737 412 42 277 71 127 258 549 799 698 817 
389 849 173 797 513 319 148 247 182 88 780 640 22 880 551 191 179 703 557 728 464 612 692 135 680 691 107 856 424 97 833 508 892 292 652 564 866 964 213 199 219 170 260 456 80 648 550 245 459 207 447 754 183 514 835 883 783 75 100 39 885 781 519 542 882 521 742 461 
682 614 687 663 679 538 216 218 576 567 110 753 711 860 940 163 596 141 741 47 904 128 454 774 843 50 138 187 611 722 933 566 247 626 482 124 26 242 623 907 386 818 111 309 254 618 115 142 173 337 501 186 795 258 629 829 507 287 944 911 59 438 5 350 70 230 321 983 
701 318 926 394 864 87 5 816 840 992 846 313 84 493 323 118 730 513 193 14 524 806 134 805 381 551 381 163 914 209 437 69 376 360 279 514 914 823 594 640 786 772 937 36 819 491 562 385 402 360 538 592 185 699 706 156 753 812 24 601 464 697 53 170 112 259 1000 325 
722 384 814 99 132 810 545 989 920 150 984 309 273 983 105 23 107 506 158 184 891 583 839 469 281 244 878 992 990 209 200 494 259 503 186 963 643 13 314 466 319 439 221 958 633 266 215 887 209 488 282 416 863 403 423 775 279 898 135 369 960 247 748 996 749 937 713 972 
82 869 836 814 105 18 69 370 653 464 68 901 307 367 867 334 12 871 377 183 459 698 833 340 66 612 177 281 370 831 363 661 754 142 209 105 585 348 991 476 528 596 121 38 320 38 750 374 108 934 737 799 927 577 656 57 123 390 990 814 450 582 245 665 878 999 864 803 
314 342 509 654 927 301 432 50 442 242 941 861 406 997 251 80 436 455 440 744 258 289 18 531 829 771 29 953 197 734 483 693 253 607 321 912 145 74 674 584 38 841 412 930 697 439 262 563 11 154 236 208 137 661 665 765 1000 330 447 446 862 746 294 265 28 315 234 191 
634 54 239 916 793 410 599 800 525 785 529 389 28 231 453 924 979 509 589 703 541 496 634 678 41 275 962 591 968 146 217 586 70 46 38 266 65 520 52 821 125 496 940 425 293 420 195 291 608 532 140 146 297 813 732 253 792 496 302 46 450 60 600 197 446 134 669 436 
746 305 880 289 837 661 526 914 416 747 830 224 714 882 807 915 615 922 336 119 383 861 344 556 612 988 219 11 544 740 714 638 960 504 889 941 181 408 43 488 860 538 894 528 24 154 295 237 764 299 37 425 20 15 408 378 93 137 398 632 658 125 14 595 329 59 769 100 
430 673 865 72 798 997 493 685 824 350 2 378 208 851 787 756 39 408 122 240 970 533 95 314 631 355 157 592 482 359 902 194 138 303 339 256 585 782 922 593 738 202 528 949 238 703 111 906 217 709 982 38 193 196 575 395 875 525 526 868 812 857 211 999 425 120 57 69 
963 500 79 186 695 618 237 694 686 246 337 540 736 196 988 6 993 318 358 790 134 618 948 137 948 907 963 377 989 925 861 459 44 611 707 500 93 298 771 986 321 385 280 431 712 691 332 779 777 190 554 16 838 647 631 775 683 445 84 404 53 540 608 998 650 136 737 78 
37 572 44 55 309 229 14 318 843 818 571 876 466 583 683 6 623 976 958 678 538 834 340 447 829 35 492 834 447 677 893 609 173 493 846 82 684 444 104 890 668 283 696 93 782 458 536 277 431 974 747 650 903 7 5 884 732 65 210 309 638 136 402 883 163 466 713 390 
310 912 935 815 182 644 650 271 643 605 22 719 670 14 884 471 316 220 109 871 80 467 310 605 824 498 467 563 225 263 420 837 73 87 386 319 175 620 510 597 628 674 277 676 606 422 177 17 675 831 489 884 244 19 459 720 693 314 541 384 345 370 600 632 297 430 986 318 
176 365 794 294 200 11 709 877 732 616 719 6 881 857 250 630 544 411 919 6 788 301 702 392 902 36 6 158 670 999 489 18 377 244 144 749 365 511 584 162 188 898 846 931 407 703 302 103 344 39 916 817 216 435 128 621 666 664 894 139 155 788 388 441 435 830 914 652 
986 919 306 444 266 658 743 1 375 955 716 684 573 256 849 838 454 244 747 954 86 20 971 205 831 937 970 578 169 563 145 801 734 787 62 90 403 527 603 454 443 728 250 122 203 211 997 858 877 813 5 488 666 654 992 37 615 134 940 503 254 275 89 946 739 250 899 858 
381 955 800 898 980 907 619 479 236 29 890 631 520 59 953 368 945 485 734 78 29 98 855 259 685 35 312 818 281 981 854 649 151 625 846 618 355 469 320 1000 136 46 844 962 113 518 62 822 252 668 452 673 185 190 419 343 755 574 588 489 939 134 152 494 662 423 452 465 
626 404 632 451 15 424 230 888 318 391 939 423 687 145 943 302 621 393 419 990 840 210 521 664 656 200 586 132 106 152 790 786 370 278 234 256 824 537 834 583 469 236 668 870 930 392 486 690 802 878 445 966 419 178 265 47 183 382 432 337 457 166 126 333 850 37 821 80 
901 557 591 302 937 526 184 779 107 411 574 432 387 556 473 213 542 480 579 972 118 406 911 79 550 55 693 484 659 133 83 870 693 725 401 614 967 993 507 921 102 39 160 858 930 913 404 285 398 367 933 389 832 661 628 217 900 408 579 103 1000 164 279 581 748 65 146 511 
488 12 339 839 873 496 129 390 238 628 84 16 225 160 185 312 404 725 91 245 7 635 101 240 254 683 76 841 664 915 89 187 276 177 785 688 509 443 153 811 668 723 364 998 391 13 499 510 316 226 756 240 644 599 404 509 149 396 604 41 298 911 865 643 542 693 178 812 
336 562 60 476 886 362 613 399 830 993 170 962 335 315 723 464 292 684 880 158 444 380 532 930 404 762 89 530 745 609 389 173 54 86 654 772 471 358 63 214 89 318 931 927 665 983 205 376 846 188 563 206 723 341 839 860 182 429 883 665 285 671 581 322 864 383 978 115 
281 963 278 8 229 298 181 342 644 519 26 957 280 197 440 967 708 633 171 865 245 365 565 272 882 304 359 477 763 946 881 131 8 455 781 466 778 633 385 483 374 139 393 28 946 776 134 848 263 184 29 387 372 383 947 686 864 814 704 671 301 526 350 410 125 510 301 841 
738 398 676 891 962 640 103 10 672 754 617 46 238 727 486 464 780 167 319 110 663 206 784 779 101 760 491 955 268 386 46 614 387 553 132 354 204 834 307 356 770 839 100 798 22 342 376 502 856 361 862 802 495 213 47 383 996 107 948 832 242 876 564 976 201 416 666 372 
845 661 895 814 232 451 707 360 803 572 69 46 697 56 12 599 459 829 905 345 303 713 19 402 610 70 562 588 648 762 243 158 566 8 327 655 105 497 254 187 721 994 335 48 983 804 548 196 55 983 25 916 846 452 462 173 300 489 262 312 449 687 27 955 491 708 63 570 
81 923 203 684 544 561 1000 951 433 19 610 94 398 628 792 913 841 270 710 761 805 789 536 220 753 439 735 431 772 88 261 56 540 577 995 638 654 339 551 965 261 283 164 413 136 508 434 712 982 775 550 561 16 180 784 883 18 445 746 562 735 918 693 436 609 506 563 356 
168 801 587 474 884 388 885 198 106 786 45 169 683 729 806 815 217 430 751 654 661 788 842 56 511 118 118 238 858 294 30 949 51 384 55 131 707 71 920 820 479 558 646 692 639 456 20 838 723 614 250 466 381 548 685 158 400 193 509 601 851 700 947 425 424 405 923 976 
905 842 956 634 713 455 727 276 239 933 612 11 209 384 541 893 620 430 491 137 775 51 326 585 346 890 613 856 156 12 90 95 423 50 845 245 718 898 663 268 490 984 705 620 113 45 319 244 65 601 12 811 327 355 554 564 734 533 40 241 392 983 239 383 197 478 388 741 
737 748 433 26 781 174 615 793 332 351 495 942 290 721 48 88 596 351 558 278 271 896 70 757 124 745 374 446 901 715 76 892 688 907 959 312 534 373 227 443 593 434 595 92 11 652 577 886 473 976 481 342 141 511 474 903 702 427 564 327 11 908 277 703 80 105 988 906 
15 990 586 976 584 900 76 902 530 992 742 421 823 358 322 521 998 642 878 52 485 573 607 636 499 823 40 18 944 584 388 74 482 673 551 930 326 948 887 55 865 746 749 151 476 4 441 601 175 121 582 378 651 413 435 585 293 793 610 380 872 938 486 977 89 440 110 445 
494 492 177 875 935 699 765 74 117 738 628 165 281 440 82 171 851 237 858 242 728 833 759 602 326 809 353 48 170 572 257 795 970 627 244 388 909 346 766 568 130 500 332 315 124 629 820 847 228 804 585 385 15 597 856 729 718 795 300 120 358 57 218 954 300 768 510 970 
510 767 63 487 483 776 459 959 730 668 239 148 274 364 630 405 890 684 562 409 135 348 246 66 578 876 888 371 883 610 57 664 704 307 850 802 17 631 908 567 632 549 202 115 495 344 25 959 607 128 50 507 95 455 153 597 289 204 993 561 95 861 786 155 73 495 868 237 
723 561 525 818 480 773 623 799 858 246 556 442 288 433 350 905 439 85 953 787 301 905 964 693 752 718 889 392 575 607 246 979 460 421 152 753 781 779 805 535 568 638 825 345 920 59 99 414 851 724 367 38 792 950 18 570 211 899 388 727 94 524 248 279 797 303 278 913 
172 942 818 221 950 202 416 980 281 971 592 547 591 824 801 321 452 96 74 876 83 553 895 239 367 476 447 880 380 282 890 768 872 728 75 602 827 724 525 292 856 88 410 61 189 37 359 703 327 463 900 103 264 781 457 69 915 190 315 230 793 554 383 515 937 573 810 442 
455 274 508 839 580 315 864 245 750 648 407 156 952 309 514 273 827 709 527 913 461 38 526 698 753 427 17 513 225 874 337 364 797 325 930 588 309 223 962 972 488 681 792 496 221 140 859 736 909 901 643 15 72 140 919 688 156 621 411 877 698 732 510 205 346 844 936 818 
769 448 190 347 708 340 484 433 510 994 980 992 607 548 331 412 34 54 411 124 967 438 395 86 857 170 212 911 279 851 271 290 511 999 986 151 995 935 899 851 370 981 670 823 844 852 414 804 977 304 428 349 903 223 379 600 326 620 971 728 373 762 925 875 963 405 773 349 
90 320 671 867 472 849 958 244 967 46 433 573 344 398 187 128 497 277 645 945 821 225 859 35 548 516 136 529 4 816 304 774 893 459 468 296 518 500 294 15 328 227 726 552 495 727 856 692 747 36 331 531 242 202 617 962 303 880 188 902 943 298 627 156 740 119 656 793 
251 931 914 184 346 655 353 189 222 59 68 438 511 503 639 500 661 356 504 925 400 481 114 392 99 193 480 976 523 176 706 51 367 950 794 671 690 269 64 139 619 173 4 143 511 994 307 434 335 510 663 360 817 314 725 927 562 650 364 469 861 459 674 901 779 814 667 506 
653 163 794 910 687 943 184 144 57 466 768 351 300 52 68 613 264 981 86 354 276 734 78 918 421 764 197 11 182 100 957 231 468 235 398 825 833 404 993 296 506 762 719 890 246 91 7 970 57 816 679 589 97 138 692 706 390 660 298 581 827 845 2 53 409 833 430 775 
357 748 557 596 896 414 964 652 379 297 880 307 230 983 682 990 903 439 991 878 876 937 218 213 302 701 980 741 52 516 396 338 207 779 440 807 249 355 17 841 206 808 534 567 756 577 351 444 932 22 414 273 163 53 988 183 687 772 33 279 233 518 908 479 782 842 716 51 
941 726 199 489 183 816 797 595 498 853 955 957 432 546 357 672 488 902 53 9 352 111 266 53 366 339 670 674 615 913 639 134 908 720 504 499 468 180 261 670 890 51 690 27 235 904 324 49 653 306 287 208 936 133 98 949 330 455 931 381 188 716 462 285 546 434 388 511 
331 772 676 742 662 67 564 722 755 220 737 731 820 393 129 718 999 139 563 733 550 674 985 178 147 959 467 646 661 778 517 149 685 853 117 282 572 756 921 233 560 483 913 462 87 914 60 911 316 732 286 312 631 978 534 475 425 854 934 768 686 574 640 66 662 846 758 670 
719 346 495 604 540 241 267 889 959 10 319 196 751 120 699 558 630 89 303 595 545 319 399 31 28 226 907 517 463 241 970 581 47 18 64 53 822 338 97 178 230 945 158 619 123 656 638 109 874 877 40 536 362 740 320 24 63 195 54 921 536 437 55 520 697 776 399 171 
315 935 490 299 102 988 684 175 316 64 534 902 448 307 241 427 807 126 978 375 641 387 198 68 941 299 657 564 394 309 401 379 940 824 108 680 458 266 87 4 38 77 578 692 284 514 302 633 548 160 461 470 378 372 643 326 356 842 424 836 257 879 489 317 972 577 535 24 
799 796 723 535 977 386 299 800 931 420 508 314 204 120 30 580 623 660 35 283 238 875 963 551 335 286 706 293 83 499 924 479 754 315 37 221 837 845 211 61 951 246 215 233 499 647 499 674 717 564 700 156 146 252 749 981 799 473 565 44 545 67 524 706 521 477 353 12 
761 401 248 748 343 98 171 796 101 410 273 764 323 763 700 394 138 817 831 592 882 732 760 509 843 65 316 800 60 298 731 571 255 668 830 308 178 827 431 734 480 635 874 979 74 992 132 67 991 266 431 210 333 547 689 528 603 578 232 716 623 1 749 816 892 276 426 993 
190 804 932 647 488 459 77 430 406 956 68 465 568 562 765 222 559 999 916 585 535 423 562 23 937 136 840 443 895 63 805 206 932 525 64 723 733 792 325 683 872 620 751 875 181 853 343 208 61 309 619 587 936 704 442 263 247 906 277 344 78 674 430 438 275 381 451 261 
102 215 996 226 567 307 459 408 670 505 437 65 692 567 472 136 545 865 752 576 513 214 100 356 617 616 832 947 174 142 655 848 881 560 857 867 680 807 915 660 149 212 897 29 804 850 340 247 807 241 714 282 186 838 839 266 676 651 11 912 826 397 475 703 943 678 746 705 
711 127 80 764 223 877 234 484 28 464 447 608 567 23 228 121 732 123 796 654 434 414 674 948 856 597 734 735 562 814 979 404 380 905 200 979 110 135 866 495 98 872 299 553 240 626 363 497 764 286 654 174 410 279 1000 103 910 713 473 293 252 107 756 427 776 174 655 960 
332 757 247 304 158 935 65 538 339 571 574 49 323 339 124 546 365 552 918 363 716 262 647 421 944 918 579 291 742 340 696 165 812 50 235 292 77 634 396 174 319 679 756 963 421 471 689 785 579 835 485 69 182 230 225 131 979 255 277 567 114 588 97 974 263 319 354 112 
1000 924 906 578 101 35 62 162 550 827 213 415 947 11 723 733 946 483 480 293 316 563 216 615 948 629 518 834 759 481 217 963 495 653 571 46 855 371 673 292 191 835 307 830 487 731 704 850 191 463 504 769 417 492 948 767 992 509 925 673 399 268 537 63 333 881 333 340 
172 535 229 191 295 262 801 218 824 603 920 755 990 38 735 280 982 246 503 422 431 813 983 702 440 98 91 516 86 656 141 56 611 302 757 38 533 51 122 226 786 43 365 421 215 662 245 941 180 201 853 922 779 711 519 131 890 135 229 887 344 799 605 367 956 243 507 230 
443 972 263 11 693 42 985 255 716 81 9 625 999 273 415 389 85 451 538 196 13 447 602 391 758 400 796 768 546 859 363 44 901 698 570 231 268 201 137 419 451 125 526 686 551 927 731 13 91 248 768 630 746 918 591 774 294 367 176 195 155 988 789 10 357 314 849 190 
373 555 923 444 262 755 471 358 2 680 951 374 988 875 665 731 859 150 375 305 710 400 448 708 821 788 513 939 117 690 76 671 344 948 459 704 495 159 415 620 758 38 294 679 242 944 187 297 724 555 681 697 92 505 706 826 94 1 568 982 492 485 201 884 963 923 171 618 
480 123 111 699 49 844 167 100 286 418 484 158 671 428 8 525 572 496 666 252 539 991 585 383 691 903 336 218 239 695 730 151 972 984 845 49 298 213 280 458 136 516 246 207 221 798 40 116 248 399 994 745 869 795 292 513 83 277 323 919 935 790 828 189 607 486 790 773 
518 760 965 916 525 669 421 883 968 92 272 117 362 16 891 852 190 537 821 717 988 116 69 753 368 319 528 416 419 41 848 303 155 884 946 786 911 873 234 946 883 667 777 220 730 690 630 834 348 293 548 674 45 652 832 455 560 167 280 891 87 559 510 8 470 571 145 506 
854 806 412 414 997 556 382 876 823 453 489 167 269 255 493 613 388 618 807 452 866 729 562 624 793 113 457 89 527 526 591 498 258 566 626 548 312 169 33 606 912 868 123 229 537 103 179 850 850 164 10 728 353 248 67 426 38 533 764 390 805 679 457 235 412 206 840 903 
911 424 273 357 588 743 468 6 391 428 573 98 96 674 346 812 69 507 985 214 439 450 391 852 496 539 784 724 130 944 804 963 565 657 939 481 951 977 276 730 399 994 466 353 396 578 590 219 861 38 943 755 364 311 446 599 939 543 672 592 787 946 846 395 294 450 842 834 
360 813 977 335 929 648 719 530 265 784 640 902 831 978 116 604 926 182 204 61 659 454 302 839 680 680 172 71 379 275 450 419 961 699 899 581 547 778 378 136 172 196 687 820 767 229 277 183 706 79 140 723 545 113 838 426 449 517 467 158 916 380 214 576 773 366 600 18 
685 9 567 587 452 122 803 47 136 850 618 640 302 50 749 445 484 702 714 589 645 924 738 729 847 185 109 333 155 23 325 325 528 536 126 145 666 137 572 262 436 311 773 741 360 551 523 366 132 846 930 892 632 334 548 425 836 602 830 455 518 495 175 227 830 108 415 231 
493 951 66 835 952 464 70 406 52 298 424 704 699 279 176 873 499 445 835 799 671 917 744 241 841 402 768 357 485 304 301 243 346 565 53 79 600 469 42 470 607 929 78 659 525 281 913 540 27 604 40 882 298 895 121 98 202 337 170 801 895 902 197 989 794 662 811 592 
443 122 341 59 714 244 796 487 89 130 187 680 478 612 111 696 869 262 107 171 360 522 752 115 729 871 555 577 392 287 95 358 779 617 170 610 608 594 505 830 232 651 279 248 429 857 311 715 888 14 339 439 301 440 61 381 617 4 731 106 636 967 519 128 9 808 46 110 
543 700 234 75 520 344 691 860 492 941 349 296 659 101 398 534 367 314 318 762 287 427 311 158 189 892 557 953 829 529 32 570 829 79 201 708 584 862 39 923 72 345 713 748 474 648 422 942 705 39 960 217 707 471 200 524 146 571 131 408 43 58 199 691 346 740 706 504 
481 611 801 284 836 909 620 206 720 931 97 149 571 221 186 141 331 929 363 184 928 595 443 39 728 288 842 479 423 578 132 10 49 215 486 271 849 203 903 947 289 741 342 5 251 400 4 790 731 200 683 919 321 741 28 140 862 446 96 49 188 69 586 635 963 653 605 366 
147 216 996 528 647 100 337 432 886 639 375 872 950 177 998 94 258 390 307 421 489 60 517 419 804 222 359 810 923 10 802 874 22 458 123 435 826 272 403 792 917 370 400 815 777 742 115 483 820 711 838 548 881 121 514 41 856 372 402 995 200 440 632 852 409 109 76 232 
332 998 83 300 810 202 493 677 60 378 110 710 407 560 76 194 59 343 763 189 865 846 869 576 735 475 714 636 241 588 927 700 775 296 469 516 569 574 255 302 729 886 576 446 164 318 701 647 250 513 849 699 979 461 127 388 606 491 260 239 383 364 442 463 975 54 656 263 
722 789 910 804 199 907 963 393 700 267 145 551 68 654 930 877 611 541 169 889 679 280 509 275 193 4 627 768 410 969 39 418 400 566 884 30 269 475 17 915 925 958 250 797 409 107 544 493 633 284 157 326 594 398 909 795 96 453 155 425 534 226 498 734 381 778 714 59 
514 827 441 16 499 42 295 476 283 113 705 283 196 857 714 17 66 535 578 573 478 614 388 364 301 375 36 692 363 137 123 731 222 887 447 385 69 931 994 114 702 928 741 860 376 579 331 14 826 458 932 523 58 890 84 174 444 792 169 757 146 426 955 101 144 553 546 223 
872 794 882 620 18 83 598 719 685 226 179 258 317 375 13 3 11 1000 856 550 29 568 137 602 799 951 998 131 34 305 946 20 675 340 515 632 515 200 699 334 753 708 679 287 322 537 931 906 66 261 518 442 181 961 193 365 733 223 647 65 106 661 406 931 327 487 989 787 
495 770 737 269 915 168 105 119 217 416 820 656 241 986 37 872 867 657 702 32 580 789 137 968 531 30 763 882 960 684 77 926 983 710 489 374 112 73 495 658 621 365 402 687 67 264 113 620 269 882 359 137 283 899 332 885 532 406 695 847 604 888 425 927 819 67 106 308 
243 504 841 794 460 18 569 403 730 848 555 31 381 825 927 562 356 649 332 56 763 781 247 345 405 831 187 524 770 608 601 740 647 799 175 258 44 537 746 244 414 300 538 760 388 683 804 236 159 277 874 667 884 718 652 531 319 997 387 617 658 110 656 558 164 250 456 109 
288 978 969 106 405 865 812 243 394 498 542 528 243 452 406 685 65 630 756 460 262 178 725 77 653 91 856 789 876 304 25 372 951 79 681 22 50 634 580 5 502 637 337 658 246 740 675 77 747 656 491 677 359 663 14 236 878 297 723 663 393 822 778 810 736 462 307 363 
214 954 30 97 409 781 254 297 887 7 500 681 388 474 571 489 123 755 524 846 441 837 802 878 694 825 11 592 174 171 604 568 272 601 80 341 726 410 786 860 911 270 789 802 331 506 287 155 392 390 436 435 752 137 382 82 946 54 575 37 341 864 120 612 379 742 187 712 
143 481 293 583 97 161 353 889 715 367 827 213 923 312 517 52 845 265 571 220 954 952 350 209 674 447 635 900 795 933 657 384 50 725 299 521 713 620 516 864 1 493 556 937 60 301 743 150 194 173 836 183 545 249 454 811 937 442 176 690 899 979 92 231 64 760 796 516 
377 250 809 465 720 323 629 437 953 950 808 408 493 275 201 733 543 103 251 917 527 536 646 788 523 764 848 905 949 274 174 660 415 270 664 645 16 726 133 629 931 885 770 329 333 726 982 732 74 480 643 392 728 308 918 489 988 764 783 167 429 996 533 571 38 333 828 333 
933 1000 561 568 21 541 656 298 35 588 150 808 279 744 169 229 464 553 789 315 585 482 529 138 630 359 956 838 434 786 998 768 909 665 355 500 789 800 460 467 719 887 114 933 386 15 357 893 390 877 32 777 923 341 880 958 126 815 605 335 908 463 793 318 989 522 571 840 
823 34 663 855 132 380 200 98 785 72 475 12 758 967 855 559 929 626 312 675 205 75 860 27 813 143 917 767 527 916 527 625 139 999 899 471 609 345 371 921 953 835 846 300 759 261 212 182 826 796 753 385 236 775 816 103 893 159 599 30 90 772 248 304 340 570 681 233 
431 1000 730 789 798 719 993 860 956 628 322 494 741 801 820 695 749 925 55 186 915 131 677 337 54 7 649 747 116 529 688 831 104 127 393 498 939 907 882 561 885 717 51 313 711 667 353 338 93 620 899 542 201 624 17 338 947 680 392 381 233 281 601 473 365 292 428 997 
391 14 746 225 265 934 272 517 35 505 703 881 310 357 818 51 405 541 616 181 277 428 414 20 620 503 459 204 789 804 131 706 277 361 426 37 309 413 835 571 978 179 7 910 944 602 817 526 171 359 377 128 198 215 449 900 541 436 152 918 942 924 921 266 934 583 27 987 
122 490 209 309 683 316 751 45 438 789 575 8 90 979 641 289 654 856 993 473 530 358 632 773 815 54 77 986 89 748 402 512 160 335 774 717 603 705 354 508 285 781 633 264 629 145 909 598 246 311 182 344 18 959 620 794 135 6 76 859 528 932 596 698 94 970 931 272 
246 34 3 555 328 418 291 381 45 238 395 311 995 413 544 665 28 787 845 508 135 139 484 562 249 241 234 113 329 906 469 953 859 326 768 193 843 806 693 981 428 225 701 921 959 78 661 261 162 752 923 847 643 305 915 760 262 290 953 58 740 423 610 602 486 982 76 167 
536 364 330 343 369 112 258 958 39 632 675 999 486 169 83 197 568 981 526 961 613 501 499 863 419 123 165 817 719 764 654 77 8 521 911 973 828 60 176 278 98 659 469 179 910 186 436 974 490 511 923 437 553 663 553 74 807 772 165 703 932 99 159 932 702 184 543 641 
684 249 589 57 329 817 772 600 915 9 462 465 713 49 890 283 754 508 112 853 384 688 842 993 721 4 137 281 931 520 783 244 121 31 791 43 956 186 963 696 771 462 791 875 818 516 466 91 791 313 200 867 883 901 120 58 69 511 456 182 904 861 563 307 300 413 178 203 
846 200 945 287 748 590 773 313 914 420 816 252 840 323 817 246 964 86 791 441 527 185 63 536 359 396 225 566 708 305 648 329 793 347 905 114 266 458 473 91 892 218 500 496 625 496 70 395 674 451 419 827 519 876 715 953 552 656 95 468 918 558 920 775 684 240 885 830 
617 127 918 327 450 753 594 752 254 996 533 860 599 992 42 383 570 462 267 246 669 345 145 639 642 2 179 116 679 242 743 360 99 208 670 6 680 101 502 627 297 20 184 352 314 964 113 405 821 584 270 610 23 674 806 866 747 981 825 174 851 597 437 706 711 829 290 34 
601 217 146 879 950 22 913 971 720 838 781 421 964 621 999 133 607 656 655 384 840 924 219 28 943 493 734 240 137 327 632 98 163 481 231 742 679 804 618 463 108 658 550 951 62 979 593 987 958 732 425 77 760 529 890 877 403 941 437 994 764 396 824 928 587 395 898 466 
536 234 188 32 479 722 398 38 586 259 697 831 135 863 807 532 866 396 407 379 340 670 885 286 132 514 880 563 731 252 554 92 523 247 408 794 491 880 994 219 935 528 261 802 643 764 710 185 15 450 423 417 301 728 526 423 197 870 833 676 699 15 232 959 933 837 462 955 
184 23 975 685 364 324 944 933 64 699 243 38 151 31 516 988 40 30 77 377 150 947 387 86 788 434 13 947 344 988 665 689 427 476 616 78 726 632 690 746 15 186 283 398 408 403 888 212 843 689 949 717 317 476 944 196 648 702 865 55 7 400 112 22 44 949 387 953 
627 882 381 609 186 719 136 661 361 331 617 642 858 458 636 303 255 610 291 784 880 60 643 659 128 388 512 68 85 867 816 956 719 814 984 94 816 496 96 114 826 389 589 936 299 156 119 635 774 30 984 996 798 219 758 354 386 716 619 880 561 916 390 235 510 307 657 736 
236 955 436 146 608 266 5 980 289 96 53 39 637 615 780 807 34 834 736 253 567 429 130 22 449 522 449 942 890 810 164 554 607 660 810 130 829 235 992 508 764 150 386 837 61 90 979 448 531 570 821 975 643 926 499 405 969 669 927 864 664 837 930 983 963 239 162 97 
805 59 471 717 727 708 852 62 737 194 496 128 965 987 922 531 497 89 722 145 67 836 777 839 426 514 524 344 193 334 585 254 213 878 248 16 604 904 960 834 852 776 951 150 877 767 841 663 217 362 181 160 59 841 38 404 720 515 701 463 276 125 156 639 99 463 521 385 
773 399 739 557 929 666 693 733 95 955 998 657 573 986 935 560 180 926 86 274 226 171 797 453 657 855 532 857 91 346 822 454 677 411 801 53 955 446 917 263 111 863 175 895 114 594 122 911 838 473 112 75 541 116 102 984 668 602 360 937 830 931 672 837 548 38 315 451 
799 668 303 543 767 160 246 961 678 180 923 394 786 357 532 206 968 113 697 228 291 807 701 363 517 451 164 944 10 976 14 499 528 107 815 45 90 483 346 250 520 959 120 778 29 327 235 565 358 931 339 388 178 678 864 129 422 874 606 89 186 319 878 965 258 313 78 188 
355 421 1 280 831 89 92 279 367 257 587 984 409 793 185 785 812 707 819 832 523 526 153 8 287 899 215 958 403 569 113 661 959 999 164 992 84 703 374 965 814 961 466 786 331 716 265 916 410 328 259 311 1 630 452 74 506 683 8 251 660 469 872 390 144 976 178 587 
76 274 138 642 127 552 41 883 518 983 426 21 491 431 969 548 461 565 296 537 679 72 384 494 858 455 982 577 558 22 841 968 789 499 665 718 429 890 595 243 575 98 900 21 224 792 745 732 94 775 286 537 762 951 442 629 716 97 604 487 531 338 60 300 438 91 939 65 
987 840 595 201 12 126 649 716 970 917 376 837 719 890 112 164 183 818 539 338 350 572 751 566 955 136 773 642 920 348 985 613 973 796 955 336 232 56 380 102 415 533 950 357 210 449 516 322 365 592 397 269 744 779 145 254 481 870 292 213 505 112 893 133 122 973 681 617 
765 792 830 3 830 320 926 948 413 402 675 537 105 693 983 626 795 955 128 919 25 415 371 481 452 631 658 28 767 889 618 724 329 265 665 133 791 246 389 334 334 262 131 525 80 408 335 369 320 277 665 283 916 252 951 125 91 313 635 634 253 531 735 194 217 109 941 167 
199 543 774 820 412 435 859 665 420 626 29 494 106 367 695 155 600 934 315 53 187 445 397 995 517 428 733 993 30 24 515 550 879 889 354 312 640 824 161 660 166 216 574 467 644 424 648 731 175 258 398 147 968 703 954 360 489 126 746 367 755 563 4 180 442 731 641 909 
808 619 571 305 727 376 368 574 654 817 229 84 976 453 844 164 32 884 878 195 16 200 307 862 744 797 31 435 826 15 453 928 101 446 921 679 187 877 22 569 353 767 577 850 390 804 860 322 561 615 152 385 634 676 292 76 946 52 812 484 576 742 287 368 556 809 110 941 
869 859 695 553 796 501 905 776 452 518 143 363 455 72 431 601 217 277 319 219 872 781 202 649 67 200 541 217 613 109 250 113 240 149 733 645 234 239 171 437 947 39 660 127 347 150 673 976 159 99 757 473 663 270 676 210 310 443 683 399 141 466 693 826 286 961 25 300 
303 756 303 399 952 829 392 847 697 82 576 989 70 82 479 467 836 995 975 232 716 647 702 608 190 191 587 846 462 473 523 156 913 38 212 141 92 997 682 610 973 357 478 734 962 462 327 142 963 701 141 271 446 46 930 805 891 340 488 511 53 86 104 41 258 515 892 932 
414 910 52 988 815 638 328 108 623 628 259 579 252 664 25 548 251 350 537 735 676 4 607 442 549 71 927 114 8 415 192 899 375 179 96 810 36 948 465 739 199 40 510 219 532 888 91 710 988 623 159 87 392 323 479 451 729 239 717 578 956 296 610 104 462 318 726 595 
816 808 829 401 649 544 421 407 201 133 620 715 378 52 252 965 844 569 467 834 173 697 425 238 96 67 177 220 626 886 913 631 409 975 513 909 273 359 720 975 347 649 801 339 217 98 753 864 331 319 789 174 114 984 490 242 259 863 283 744 54 409 975 717 6 98 706 616 
690 497 506 257 580 781 355 159 110 759 802 200 648 278 19 638 316 9 525 261 383 631 603 106 171 11 656 168 684 44 73 643 254 442 487 467 829 547 976 919 783 984 838 154 693 444 228 663 578 299 578 958 450 41 960 134 751 363 287 14 124 884 956 286 642 938 885 144 
617 102 647 434 253 391 393 685 3 174 538 773 503 997 225 975 942 826 171 721 953 84 491 992 932 776 604 676 890 6 169 534 308 527 718 687 827 531 328 377 782 4 208 244 993 581 216 411 688 816 598 450 163 78 726 94 208 539 999 534 394 601 186 603 553 790 365 780 
78 61 110 222 686 59 680 800 25 721 348 983 737 276 387 475 913 689 551 528 259 131 829 538 817 866 932 855 952 43 67 254 771 381 868 70 377 969 616 43 525 22 533 805 782 908 95 386 91 116 334 862 366 564 572 844 759 467 18 362 42 288 566 402 785 823 260 304 
735 280 457 146 154 462 102 142 691 978 838 688 582 858 227 253 141 333 917 337 311 417 68 831 860 885 383 989 805 707 980 224 123 619 741 451 714 156 603 221 499 309 601 481 809 987 264 697 933 429 799 624 797 411 408 780 929 328 38 590 685 382 845 934 225 652 681 437 
174 991 204 62 355 961 628 714 486 91 690 132 664 972 965 10 244 366 715 401 649 664 458 94 259 551 511 379 991 476 400 912 113 731 181 981 406 249 792 992 524 6 874 989 808 570 879 370 901 662 971 296 595 211 679 105 849 232 590 690 610 324 128 290 537 185 303 413 
601 296 659 491 445 505 819 128 710 993 439 842 261 229 420 313 6 757 248 279 795 859 456 134 564 370 573 90 17 84 380 154 11 522 899 155 943 535 660 986 979 697 311 307 173 839 371 185 247 247 450 354 188 512 308 932 39 327 831 337 116 916 455 12 944 235 191 536 
126 288 128 162 708 492 402 292 352 134 364 71 135 254 439 656 14 557 656 889 513 84 829 412 503 321 770 603 76 648 363 376 880 335 736 912 514 715 197 591 127 766 710 822 459 834 18 103 70 740 62 21 838 586 912 971 469 885 34 487 828 57 963 315 761 513 547 273 
64 162 981 156 959 152 613 825 502 350 779 699 909 941 722 125 556 186 204 857 227 505 683 326 862 799 113 842 603 318 717 769 894 632 214 339 640 865 964 231 793 970 324 519 802 299 765 778 365 146 445 31 88 244 744 50 740 843 626 130 877 420 37 968 479 167 362 759 
384 647 445 370 608 915 475 781 910 51 381 993 670 83 103 321 873 763 639 309 616 537 792 732 196 200 347 397 89 843 240 292 108 63 927 851 755 190 298 693 387 667 260 179 202 361 633 626 332 195 311 862 920 372 189 394 912 950 309 934 78 891 920 219 641 212 734 594 
368 888 326 5 166 95 444 52 623 17 598 223 792 556 159 764 38 964 472 9 507 771 900 752 45 111 761 61 304 509 612 131 587 864 111 366 447 973 998 394 621 68 816 781 595 730 121 980 86 779 894 852 557 707 300 968 956 96 730 529 520 497 133 367 163 207 246 414 
497 408 822 568 40 203 521 842 612 669 858 730 435 267 552 41 795 922 639 249 307 517 142 836 608 269 861 285 942 848 174 470 304 510 233 355 458 576 170 545 128 632 683 533 133 439 26 216 574 424 276 476 490 31 98 331 626 384 848 624 491 984 97 505 294 656 110 372 
934 53 371 36 808 603 347 981 56 714 113 891 292 226 423 446 947 190 489 296 754 726 54 841 1 507 74 271 892 745 562 386 695 264 448 645 743 914 944 219 457 697 160 392 190 830 239 743 621 392 446 694 824 870 484 105 183 138 18 154 406 996 649 192 86 591 392 62 
165 606 385 165 291 710 403 346 837 603 989 245 33 813 776 833 479 508 140 408 859 926 150 670 792 198 397 319 153 274 482 819 731 188 733 425 252 216 649 405 868 496 460 15 418 559 608 71 546 102 190 251 973 33 325 326 685 525 613 51 774 879 980 275 991 582 721 94 
597 501 178 54 233 621 227 953 496 336 266 765 463 68 726 654 509 139 111 598 647 536 826 428 293 861 431 568 640 210 358 319 121 560 86 408 352 227 430 88 477 123 40 548 476 469 595 461 481 858 82 643 988 4 744 944 363 156 566 959 658 704 889 284 547 147 356 28 
446 566 57 715 306 592 147 931 136 169 515 284 307 959 395 177 774 612 286 684 8 334 487 985 36 137 18 69 847 444 834 815 41 619 937 222 680 428 977 893 672 645 16 292 791 415 596 105 333 934 675 278 297 383 644 227 447 381 373 935 106 275 226 783 370 555 497 820 
390 202 118 178 618 995 714 509 285 652 217 196 444 630 839 488 64 752 329 813 259 302 357 49 171 900 666 794 419 121 601 344 835 932 133 277 504 530 139 145 155 517 581 747 676 700 506 93 75 499 161 515 831 530 105 865 959 81 377 716 311 370 911 177 216 853 969 399 
441 901 691 782 520 574 877 71 228 605 307 253 95 627 765 401 475 713 52 565 524 489 870 860 506 293 884 841 231 267 583 830 404 477 162 588 326 773 88 318 755 557 786 862 510 17 59 411 480 999 684 680 15 906 963 462 432 614 414 721 871 794 469 880 204 604 800 657 
147 978 514 717 724 287 365 634 30 161 685 531 362 345 375 228 672 51 47 820 86 991 426 166 538 76 946 665 815 887 272 615 401 187 12 88 940 578 265 259 287 595 596 393 684 251 962 642 931 100 70 590 19 858 389 318 370 836 941 863 524 617 57 769 145 833 277 183 
318 549 599 373 701 497 556 650 681 948 856 614 751 474 156 771 176 843 767 283 797 212 604 672 191 47 969 527 805 156 749 652 520 738 239 809 242 346 798 145 901 69 142 202 139 366 559 641 323 906 904 841 579 936 629 977 591 360 477 593 712 174 992 297 725 3 232 579 
922 158 723 894 91 829 809 963 702 239 907 167 598 464 947 967 401 619 285 892 779 929 464 272 308 212 768 190 331 712 930 712 690 246 825 358 385 471 509 597 896 136 129 40 389 373 754 671 415 46 592 883 185 102 258 740 626 682 838 205 600 978 983 130 133 530 857 532 
298 659 913 764 145 229 357 593 194 923 955 322 682 736 52 913 649 1 919 411 20 506 860 785 414 616 803 498 216 334 722 675 574 788 858 330 341 36 922 29 364 71 374 19 621 162 770 840 752 888 737 984 519 911 18 461 553 372 831 372 208 233 532 303 295 814 818 902 
566 727 234 267 409 696 230 399 691 585 740 904 994 581 923 196 217 444 694 800 104 924 127 135 220 483 110 628 921 609 426 791 560 589 438 521 954 192 92 421 313 262 388 272 898 658 542 950 63 895 842 462 795 169 694 46 465 528 598 211 646 471 329 514 850 95 138 374 
816 741 855 464 434 986 481 459 249 707 621 42 25 717 762 384 397 776 617 9 968 622 582 126 492 806 843 926 168 446 482 303 153 676 143 765 826 234 774 285 297 898 736 88 526 934 655 467 210 491 563 696 291 203 312 459 789 941 534 217 295 814 233 131 457 893 298 782 
131 676 573 681 881 497 425 515 855 613 812 914 168 892 102 895 484 848 441 510 140 366 780 296 485 82 798 891 308 675 288 789 442 429 749 417 428 553 879 614 167 273 269 554 927 853 760 200 839 724 68 971 930 186 531 783 732 320 258 297 115 644 751 678 132 14 780 715 
611 438 74 17 481 247 195 319 782 397 546 834 257 643 662 685 168 110 824 204 960 883 811 257 377 114 161 188 723 738 420 87 628 937 942 988 166 677 926 634 526 279 216 553 942 24 295 961 418 276 697 825 109 779 108 826 810 112 730 117 330 109 526 296 210 119 148 787 
207 255 676 510 916 339 46 932 458 21 274 477 958 249 401 803 919 144 70 483 999 578 516 16 496 622 997 342 80 262 436 402 79 634 733 139 472 819 126 265 504 875 659 345 503 752 220 769 497 104 618 240 66 442 789 720 219 328 103 878 312 589 486 335 182 368 742 462 
211 303 601 694 86 965 706 967 352 65 178 681 16 403 989 564 58 164 694 640 131 326 798 976 392 542 207 223 498 177 273 802 551 335 234 511 432 187 774 582 598 573 223 840 718 286 388 263 275 672 235 141 35 298 592 822 608 98 529 436 460 831 498 688 436 773 687 272 
831 842 630 517 538 315 473 542 4 710 929 479 624 889 86 89 651 736 139 528 357 692 82 187 977 59 46 302 109 894 338 889 38 550 208 168 584 209 555 845 997 524 168 863 378 530 583 108 523 187 161 609 805 772 373 555 84 565 346 799 409 539 624 320 126 686 936 16 
243 353 499 880 529 613 776 878 347 997 617 85 266 456 135 115 444 831 26 345 608 282 412 499 617 694 313 381 148 512 430 563 552 418 169 783 743 647 997 858 605 703 909 762 106 762 164 788 412 758 733 371 320 963 167 683 512 877 729 709 953 694 779 793 253 682 283 623 
870 609 238 694 915 532 948 189 436 4 682 674 297 645 600 717 844 504 817 296 772 841 214 129 290 413 185 49 450 118 249 285 404 273 286 579 370 543 175 769 224 429 701 829 899 451 88 955 904 984 633 825 667 966 970 108 384 163 840 628 968 181 944 848 341 922 768 827 
475 289 325 774 983 851 993 664 299 961 510 559 894 24 373 25 881 375 765 196 658 742 139 925 634 839 442 92 282 832 537 357 782 544 890 173 846 314 544 364 94 304 704 687 576 92 568 2 458 233 689 702 527 472 879 18 548 175 678 86 909 91 607 19 98 535 954 163 
640 684 906 800 813 156 601 924 749 29 882 233 124 58 212 780 239 91 166 878 256 780 197 878 760 580 215 807 244 440 92 174 269 301 155 590 233 365 149 163 564 789 477 256 159 440 687 537 316 104 756 533 428 995 257 513 987 13 979 441 232 306 80 928 196 565 30 951 
598 72 27 892 908 830 633 204 504 716 488 24 598 961 948 265 767 10 753 182 440 630 458 769 714 535 881 625 57 36 762 579 911 776 975 803 157 928 552 391 831 726 359 540 339 559 322 374 20 169 753 835 350 245 819 33 830 442 386 16 658 301 165 545 281 721 152 647 
921 651 972 314 747 392 849 512 903 641 278 213 101 407 647 968 725 832 975 817 307 369 336 785 60 361 227 915 474 942 87 68 530 653 976 753 21 649 48 733 822 822 357 950 773 174 43 256 78 843 992 187 269 213 116 522 245 225 825 375 118 510 852 690 122 585 322 244 
659 737 567 89 715 432 886 910 915 566 462 260 248 525 79 672 165 775 51 982 778 227 679 202 577 188 276 842 520 843 919 53 1000 454 845 194 347 128 848 688 182 293 285 775 86 634 269 244 536 580 944 359 616 579 31 529 514 840 494 390 538 639 373 714 743 699 591 921 
31 4 999 787 792 465 857 534 188 177 172 423 379 228 172 503 507 512 192 300 308 30 141 768 984 482 341 909 420 344 436 404 909 776 787 120 252 12 727 20 300 740 176 572 427 946 769 944 754 565 821 589 419 617 372 578 686 475 450 492 95 29 687 915 819 554 747 263 
278 726 480 912 719 242 705 656 665 213 609 726 953 691 206 686 138 253 782 691 933 826 648 312 922 915 41 985 471 750 72 635 981 999 18 575 292 813 558 649 509 582 932 33 239 357 196 898 307 840 710 823 143 177 942 658 597 672 413 230 953 324 851 555 75 989 550 161 
348 895 35 167 902 539 251 546 653 144 252 166 25 726 512 220 871 219 52 69 256 664 27 792 554 859 307 620 604 434 137 959 145 293 870 176 979 115 290 81 233 877 692 901 227 571 711 503 656 807 893 930 946 386 781 4 75 536 740 339 250 976 501 187 172 423 400 894 
836 914 294 540 163 401 15 208 313 818 696 976 354 885 348 498 989 590 760 499 246 518 801 708 246 541 131 565 867 633 721 701 624 541 114 174 352 165 34 486 775 569 563 128 377 292 594 611 773 422 690 938 230 910 720 966 564 113 652 61 12 578 249 579 53 467 144 755 
933 363 938 542 140 168 481 666 69 164 212 927 576 529 186 801 550 393 976 961 285 932 142 170 912 325 529 80 426 291 66 616 672 311 367 531 171 589 911 486 14 458 649 569 304 390 774 206 996 45 527 979 776 529 439 490 895 820 579 898 445 582 309 973 810 560 486 305 
212 139 865 246 530 796 583 707 244 12 536 64 411 152 291 337 390 826 220 803 918 60 289 228 230 264 255 875 769 566 505 26 314 19 235 476 661 725 991 946 653 396 186 17 441 241 41 39 976 322 784 804 676 208 93 102 734 707 286 884 482 941 884 855 697 302 659 966 
319 543 531 688 837 965 407 364 144 18 909 916 972 683 181 946 543 809 341 586 457 640 394 662 45 833 310 908 122 78 180 213 377 804 863 115 218 564 48 515 373 40 536 301 446 737 621 44 170 969 52 281 486 886 748 362 688 668 983 775 316 507 921 790 767 727 718 720 
30 999 948 43 340 20 411 881 766 126 520 812 587 756 66 67 780 720 677 109 891 540 149 33 749 417 153 873 790 910 597 442 252 950 109 742 228 240 55 305 117 390 946 900 747 711 733 288 7 100 994 715 134 308 335 622 808 376 987 583 194 775 775 38 932 908 269 588 
279 398 292 431 113 385 941 669 190 251 976 422 231 205 777 940 898 461 203 37 586 96 540 88 476 919 330 994 335 333 926 886 322 772 779 795 348 210 881 780 976 934 926 924 569 479 126 274 176 680 370 37 394 834 188 677 625 940 601 323 283 773 109 662 482 222 465 93 
257 360 232 926 690 260 830 915 68 474 791 63 76 395 443 16 720 127 213 652 869 169 983 368 266 440 877 498 234 413 949 23 220 15 205 272 439 786 879 144 798 915 450 830 564 306 350 367 956 117 822 749 224 759 702 499 276 647 223 245 230 775 952 137 874 875 915 745 
184 811 515 895 254 569 812 435 622 55 35 248 662 274 936 367 490 169 939 746 924 929 451 682 581 888 191 225 691 400 477 601 442 237 285 408 435 636 910 596 792 800 737 431 715 957 412 43 125 931 824 462 81 33 39 321 633 965 991 944 823 218 55 541 307 479 731 956 
310 213 387 713 246 968 244 272 37 579 968 713 414 838 166 764 102 879 96 963 879 893 605 915 665 797 444 484 42 20 167 736 746 745 490 244 824 353 757 210 738 189 667 518 425 821 513 849 23 148 455 53 799 671 518 287 66 186 384 193 759 673 385 438 662 392 837 284 
372 565 726 613 61 106 757 603 441 913 990 984 870 326 944 788 346 995 128 983 802 232 468 91 607 311 499 46 897 577 483 176 73 316 773 819 214 203 152 866 98 515 51 609 759 289 175 102 519 584 643 918 847 227 480 800 895 367 824 901 672 711 37 208 763 495 328 530 
994 648 284 464 734 961 655 299 402 236 842 760 15 635 779 697 350 462 313 412 370 534 956 296 271 403 995 943 753 508 835 480 314 899 675 384 91 66 577 246 791 857 781 709 647 179 156 140 67 730 912 701 583 134 604 670 63 443 492 183 851 86 241 60 620 133 8 973 
677 881 412 962 626 651 957 414 848 438 791 246 83 301 685 202 865 990 300 23 287 826 780 427 275 350 616 903 617 849 578 133 413 262 442 711 444 988 940 720 618 612 769 496 309 710 857 850 891 39 373 627 761 224 992 77 187 210 85 374 268 64 773 291 565 366 668 628 
178 555 229 130 890 381 112 97 830 165 666 674 609 812 713 384 788 107 66 485 509 404 455 492 293 640 766 919 536 7 743 877 534 967 319 808 292 512 761 864 701 128 765 157 783 326 148 757 2 904 985 478 410 727 805 573 140 591 152 956 900 394 440 349 352 318 985 75 
237 21 552 664 267 657 701 745 860 233 260 141 716 954 414 579 225 464 856 454 830 446 289 419 333 876 288 197 479 616 167 621 922 576 89 835 121 461 105 833 357 887 38 837 142 729 345 160 160 629 990 289 605 92 975 411 404 242 810 303 636 937 789 793 110 188 217 109 
220 828 903 991 616 453 102 98 708 901 813 688 578 946 310 181 833 297 94 743 958 189 833 791 790 997 331 617 227 179 246 416 868 107 117 753 629 532 214 439 322 157 882 118 25 486 120 511 613 845 327 714 966 261 787 347 657 260 665 78 914 437 568 361 959 822 387 477 
696 256 196 532 370 145 282 559 536 689 304 452 52 962 632 60 883 957 200 306 353 908 264 408 830 652 179 828 552 136 681 897 155 920 477 436 542 996 784 81 381 554 461 292 519 313 702 461 931 77 378 56 897 107 631 288 501 317 258 588 670 923 971 424 707 243 232 766 
174 133 480 104 304 787 103 681 244 945 494 967 8 939 860 188 329 236 917 783 257 288 92 689 818 120 21 600 662 379 626 619 215 424 701 935 764 981 459 452 168 91 610 75 522 467 62 781 590 917 850 515 969 748 994 488 219 85 730 874 364 711 489 948 570 167 88 590 
896 425 624 780 566 370 76 787 370 415 570 492 890 186 126 773 472 947 752 956 436 433 905 631 471 588 98 623 417 457 938 534 538 26 735 603 465 601 700 296 615 824 575 255 916 701 966 457 900 31 249 194 388 512 52 63 46 455 740 676 829 632 960 504 864 911 231 728 
272 58 317 562 754 913 446 574 93 912 135 357 563 144 159 345 998 27 280 757 114 898 533 59 789 73 792 169 621 823 801 19 71 430 304 954 527 985 56 601 513 64 641 508 677 252 622 870 521 819 933 986 118 618 678 169 847 384 481 446 765 777 853 711 842 666 616 272 
244 446 281 766 412 411 412 497 867 872 786 550 749 482 396 1000 656 658 568 116 350 69 917 347 368 109 368 403 270 639 757 957 283 645 237 636 839 819 212 622 46 108 84 646 417 498 120 290 381 498 2 932 125 267 968 151 995 653 674 150 841 626 850 507 282 286 684 535 
996 153 604 155 651 28 419 851 960 282 832 629 49 48 316 305 77 493 997 580 782 729 72 894 886 943 879 545 68 320 178 1 633 893 236 788 296 915 231 853 186 552 604 513 741 938 342 290 71 534 191 584 627 258 985 32 180 30 896 859 656 989 698 533 693 454 977 916 
995 339 82 916 451 575 743 757 546 78 787 845 704 898 149 216 635 426 281 747 28 252 771 886 423 161 928 362 271 229 806 754 322 633 932 909 20 81 799 74 314 170 144 714 328 291 137 820 847 531 315 402 417 449 37 763 830 957 182 827 912 74 433 877 971 313 263 353 
334 257 827 939 782 603 697 822 18 685 803 553 886 657 939 869 180 122 698 545 636 795 159 333 239 132 789 608 559 821 859 903 563 677 952 812 690 31 589 486 424 904 988 376 126 462 352 910 6 909 197 68 496 948 724 246 119 209 636 375 211 550 69 42 14 164 108 213 
397 293 912 64 504 150 718 568 554 23 479 961 811 396 378 8 90 687 630 819 282 263 673 447 604 862 406 118 447 498 439 535 282 376 822 25 87 916 408 296 832 782 49 718 434 143 266 426 210 591 386 236 1000 244 501 4 525 30 575 557 239 106 846 464 321 823 5 877 
100 703 174 21 862 164 675 761 764 611 520 686 9 313 233 977 357 326 15 654 268 789 554 869 260 423 171 728 45 755 842 561 918 750 704 1000 416 854 848 196 9 694 527 552 150 22 400 189 144 387 936 268 549 373 482 409 316 866 628 259 438 450 681 337 612 125 726 146 
790 835 613 520 392 484 867 288 497 607 689 272 359 985 843 622 897 522 689 407 604 615 656 948 602 763 935 187 666 415 610 366 268 178 749 495 918 96 976 489 748 105 340 238 264 17 991 941 837 487 302 423 84 395 816 642 340 767 244 52 679 815 997 676 445 265 996 387 
644 662 540 575 510 950 97 429 832 239 655 427 126 560 129 251 727 881 67 834 624 808 36 761 608 815 634 928 149 779 995 275 650 438 616 471 188 263 536 867 872 716 882 826 207 229 755 808 177 900 955 651 484 226 386 838 925 302 721 644 482 844 994 494 586 86 439 151 
231 430 558 345 628 789 34 737 69 55 327 484 838 783 773 162 50 792 694 864 253 515 935 513 627 794 288 851 610 390 184 184 108 996 250 489 221 937 259 550 52 120 707 906 461 835 409 103 632 927 527 397 962 863 566 386 572 168 694 268 894 400 923 621 715 139 691 540 
855 668 416 910 265 538 197 400 36 687 925 983 949 389 844 690 10 466 409 293 190 58 943 407 409 479 642 261 980 821 135 493 793 971 625 472 920 56 108 614 217 682 586 581 885 380 724 952 85 160 501 541 167 272 618 129 553 490 966 695 143 500 108 743 549 564 517 362 
913 22 467 896 846 949 646 388 834 980 576 814 861 107 183 304 316 762 930 171 874 959 236 505 928 124 104 990 425 331 891 694 102 654 546 900 114 131 526 159 521 894 217 490 795 401 714 936 158 128 876 61 842 304 962 522 855 161 984 986 413 665 146 20 777 256 477 479 
233 755 605 654 126 952 252 103 251 731 635 625 218 771 987 853 489 482 395 915 337 498 153 740 907 681 292 455 395 661 687 424 508 395 180 41 540 387 263 750 23 769 204 853 134 899 525 227 127 568 249 740 21 952 87 866 584 82 213 353 933 624 874 579 926 679 39 548 
388 531 477 115 300 818 899 135 64 241 779 461 108 257 695 347 217 752 90 782 850 424 444 329 532 743 734 295 97 770 778 833 431 938 896 300 39 612 741 135 294 466 420 432 121 403 111 386 378 601 793 849 799 611 758 88 455 679 968 860 806 763 710 529 340 37 539 108 
645 620 897 94 576 693 522 997 384 822 687 531 464 906 797 957 605 363 411 267 307 365 287 414 864 116 811 811 994 634 940 503 782 260 456 398 933 784 256 505 688 226 593 464 477 491 985 351 30 338 642 413 398 254 594 912 403 455 589 319 566 774 107 104 238 480 889 316 
445 89 71 34 577 834 208 991 239 420 991 238 860 834 445 335 926 783 158 623 571 220 829 816 247 222 448 176 711 493 331 167 319 288 521 475 368 852 154 572 262 825 343 166 791 141 276 331 643 114 449 769 110 251 533 564 550 418 373 339 927 690 613 503 75 760 469 76 
994 598 446 422 57 770 411 639 501 155 7 542 801 337 180 231 845 579 779 948 291 264 354 798 774 194 490 47 136 60 681 561 681 852 328 88 467 590 193 488 802 893 169 658 307 574 997 790 710 481 758 101 328 128 654 505 841 280 139 134 443 884 715 256 544 356 315 309 
595 209 657 653 627 969 512 178 377 707 483 495 876 224 54 319 552 629 876 12 812 295 199 126 547 201 957 517 208 85 73 581 118 375 293 338 815 313 498 400 635 215 340 253 497 29 520 460 373 137 540 840 21 705 661 480 513 711 963 797 825 518 370 107 961 398 293 777 
992 990 844 81 814 886 797 508 509 201 177 391 549 667 976 37 402 301 918 131 479 884 226 241 110 806 294 948 281 212 91 861 415 865 65 269 309 701 500 307 956 827 802 407 85 912 576 702 264 832 314 903 477 899 534 152 633 110 241 868 54 221 393 783 793 133 681 222 
206 16 39 680 692 698 323 333 241 677 118 90 823 699 177 956 588 895 120 527 895 74 757 434 774 27 711 1 609 108 897 736 236 932 180 277 626 691 505 36 340 629 825 803 398 151 321 316 206 567 244 256 669 994 684 447 598 37 651 786 376 67 838 999 276 882 432 317 
139 775 577 564 24 76 691 23 246 812 724 915 734 592 577 760 459 491 789 831 454 311 532 992 969 997 269 569 698 786 2 631 977 608 368 590 230 399 555 365 220 821 529 152 666 387 38 541 629 878 895 561 209 441 116 640 321 564 848 163 358 216 407 589 167 636 739 447 
372 510 966 506 410 868 654 162 564 214 848 555 790 619 156 285 519 933 538 862 152 736 275 639 458 34 728 942 239 572 968 891 521 815 751 857 868 718 147 331 637 809 127 185 886 106 757 854 646 139 412 19 246 832 776 81 884 278 546 36 709 613 582 587 625 663 482 622 
849 674 266 132 903 536 378 447 635 353 951 611 759 119 424 847 983 272 573 826 952 475 102 651 217 791 509 976 171 215 742 537 477 14 574 270 92 577 947 600 11 8 453 582 108 305 653 22 995 470 422 219 439 485 828 206 238 75 427 294 720 314 365 355 576 581 540 501 
781 455 9 348 738 733 216 878 851 396 298 447 374 167 551 278 645 618 447 300 331 528 215 599 845 153 504 842 757 828 35 251 325 219 974 35 302 443 765 772 583 351 987 389 806 64 236 617 974 528 766 758 16 730 289 925 538 79 750 617 499 394 494 409 480 362 11 702 
873 271 92 532 612 370 467 960 414 147 10 721 271 433 146 500 569 731 258 803 452 7 352 341 294 169 125 650 388 58 398 775 559 883 521 237 943 450 257 737 780 855 153 816 610 933 530 310 437 91 232 687 53 140 920 145 593 88 833 636 384 404 676 246 63 223 626 321 
652 952 822 918 785 724 998 52 105 508 92 272 916 388 706 703 864 934 571 496 236 641 2 81 120 383 307 560 910 979 524 692 128 511 209 12 357 767 213 766 192 444 277 542 568 631 236 865 363 12 930 601 166 235 339 889 326 391 377 370 744 986 294 991 477 792 70 779 
868 51 823 460 165 766 862 912 186 719 941 36 902 928 244 535 613 745 563 747 566 350 647 88 646 501 855 735 20 824 405 806 194 740 302 724 974 708 501 98 953 572 518 238 667 196 81 668 273 519 327 208 156 335 739 554 213 625 547 948 743 884 44 42 363 283 552 882 
250 218 155 599 442 923 303 147 506 955 362 333 538 855 435 891 327 194 61 175 578 329 785 157 24 550 819 455 71 791 289 536 129 140 585 739 816 922 427 730 925 398 958 297 938 881 676 494 237 172 215 531 101 646 157 884 179 533 560 993 85 640 677 873 280 332 56 116 
217 199 28 274 341 453 593 304 729 454 216 369 405 927 844 418 164 825 423 350 945 434 59 265 905 296 313 633 701 774 154 127 351 212 75 72 350 311 96 247 524 873 421 665 907 779 884 563 794 422 850 830 73 467 219 908 731 949 425 868 965 444 954 267 163 991 920 963 
88 765 436 371 182 121 911 110 934 200 428 208 972 654 620 930 195 695 533 557 915 593 949 675 448 155 924 562 937 353 762 667 628 884 589 267 154 464 56 469 915 796 891 896 584 331 257 207 245 409 760 866 822 776 975 263 938 652 576 16 71 777 724 423 145 508 38 340 
217 545 911 414 494 161 617 223 614 66 178 375 568 917 913 242 965 796 173 193 7 562 522 1000 356 593 984 998 580 98 114 288 302 45 904 911 755 59 806 965 899 373 916 127 508 690 8 68 603 182 688 252 22 98 147 410 563 343 188 582 78 949 756 406 409 425 313 465 
91 241 302 146 748 509 259 456 984 503 875 451 585 125 913 774 42 20 588 642 932 885 617 368 834 474 865 359 190 631 888 780 9 234 89 310 127 442 518 740 107 153 899 62 76 983 820 620 84 941 381 626 915 522 147 838 277 568 151 312 361 533 131 208 257 395 964 885 
250 403 797 799 309 100 39 691 816 669 411 155 795 160 381 255 504 191 971 705 490 157 950 430 746 670 148 129 560 367 350 826 510 989 635 179 507 268 948 737 281 318 977 507 688 800 444 410 511 967 765 830 844 372 752 377 816 725 596 239 97 511 27 216 351 815 86 770 
689 647 302 162 501 972 296 409 167 250 511 202 74 663 724 586 883 401 740 277 919 637 435 647 135 7 769 186 771 808 834 76 237 540 640 632 648 998 495 766 590 20 368 369 990 605 539 327 378 459 665 944 855 737 255 281 910 645 317 695 263 507 717 469 721 756 416 426 
763 279 813 7 149 228 179 514 520 73 868 29 55 562 602 860 124 903 159 251 931 694 485 714 446 223 212 393 644 630 847 391 229 900 45 658 4 464 848 101 631 399 175 322 329 962 122 888 516 508 5 525 483 434 813 78 222 873 607 959 869 938 313 315 196 977 484 35 
556 197 776 478 876 992 359 841 263 283 269 771 155 573 849 178 23 155 34 739 8 987 10 117 768 917 963 963 439 994 655 881 610 851 63 250 987 809 263 598 846 516 509 977 18 488 821 744 334 675 48 647 523 18 623 935 322 662 603 243 155 607 472 32 178 199 14 912 
485 338 383 360 226 774 654 511 478 659 942 532 639 425 77 212 174 898 404 476 708 894 16 163 381 934 766 148 340 674 710 549 537 888 884 902 539 389 7 748 390 181 554 564 867 420 292 551 180 998 800 316 69 212 444 198 403 350 165 799 534 18 955 497 129 886 382 708 
851 695 395 465 429 648 651 427 194 324 733 720 783 626 19 594 938 272 109 77 272 553 121 241 499 7 739 2 760 897 725 919 568 520 345 919 44 810 372 306 758 796 664 44 967 843 746 1000 756 802 807 493 196 707 395 428 926 619 945 850 380 674 568 272 475 344 521 889 
22 122 114 580 674 541 797 503 202 915 177 53 829 43 94 377 102 920 945 892 606 525 284 208 710 706 656 105 329 150 857 9 978 365 16 380 657 108 739 289 889 154 290 267 674 141 205 812 175 23 479 422 629 312 188 551 451 888 786 783 911 357 220 950 412 181 335 841 

