199 68
741 234 585 306 35 604 847 864 566 174 579 808 823 774 796 446 426 960 659 387 21 187 4 17 722 397 882 341 216 607 688 425 802 362 959 925 654 805 294 668 805 376 491 719 983 444 538 83 679 563 432 598 684 295 971 380 59 16 902 52 418 616 40 959 356 771 499 483 
176 518 35 233 347 620 19 949 354 22 475 912 235 602 154 581 695 848 236 260 815 971 804 49 934 347 380 264 600 655 271 853 867 394 694 910 557 957 909 78 789 629 931 153 176 895 60 922 252 785 203 535 287 929 811 453 826 472 486 910 375 412 190 296 432 561 908 105 
631 83 647 868 21 601 811 338 783 291 320 652 974 269 84 133 396 491 970 6 485 329 576 593 765 296 735 434 640 722 55 468 69 964 886 38 777 846 674 636 549 128 520 984 545 878 609 307 366 554 309 217 421 655 930 554 845 156 651 341 920 728 769 269 566 99 797 143 
899 475 602 676 834 570 957 263 613 503 58 905 857 870 157 980 781 834 749 143 28 307 154 958 643 251 576 658 835 423 501 848 543 994 310 228 851 839 818 644 440 269 165 101 460 813 78 361 838 882 579 93 571 257 208 935 119 706 737 807 281 42 231 281 486 579 547 386 
377 981 733 702 850 646 764 694 827 559 910 359 245 520 823 629 830 132 454 696 641 481 952 521 402 961 715 501 690 11 964 488 60 342 710 697 253 780 69 327 993 460 643 441 789 512 659 976 336 680 779 857 482 851 86 393 473 334 698 888 159 264 861 894 333 275 274 879 
412 732 417 116 180 269 410 372 392 173 93 511 22 276 960 351 748 319 823 611 463 131 42 734 646 52 822 6 252 950 838 26 173 829 424 228 558 646 740 805 498 168 209 137 435 85 714 132 841 127 949 488 737 819 653 75 788 805 83 861 958 993 158 114 904 548 795 986 
73 444 150 704 308 987 404 283 645 935 944 240 973 264 339 609 584 486 731 471 491 834 479 319 92 107 771 495 578 653 264 806 128 351 211 895 27 767 237 657 56 277 289 840 353 1 260 219 630 62 556 912 935 906 398 504 933 282 820 817 548 92 199 707 380 426 37 151 
453 978 253 221 343 165 566 942 893 502 450 547 754 647 645 678 602 986 426 304 296 575 142 436 578 569 249 29 178 345 757 81 967 660 166 527 321 211 925 971 135 241 275 182 583 210 392 166 294 924 609 332 791 760 339 453 933 349 478 874 867 761 164 938 248 513 229 991 
444 446 859 341 42 431 379 593 589 169 492 51 305 954 781 793 979 377 378 980 380 990 888 595 296 260 340 222 38 746 817 871 356 324 245 424 205 823 553 113 478 69 319 578 467 684 461 523 691 728 850 613 522 376 153 123 282 839 363 874 109 95 784 727 251 74 560 12 
343 91 533 202 614 429 722 103 174 225 196 23 622 563 598 328 468 532 948 763 470 532 552 998 114 513 983 935 946 731 149 799 857 657 392 400 309 408 134 383 549 445 858 430 85 956 522 369 621 566 904 744 389 792 527 406 441 508 125 781 47 340 246 312 459 24 173 643 
935 337 15 842 556 583 91 970 924 13 535 854 403 377 341 10 960 639 892 513 970 517 35 173 701 271 405 709 665 219 797 281 424 861 11 853 20 559 503 945 865 111 401 965 71 567 512 374 229 795 635 268 256 842 32 288 563 445 505 83 671 492 946 428 923 911 650 783 
30 142 261 548 179 996 777 182 779 422 36 577 560 373 467 4 555 135 99 884 513 451 279 920 470 695 799 390 814 655 493 388 426 690 809 255 917 879 635 366 651 960 438 949 567 814 626 424 479 200 366 324 770 684 929 692 35 304 238 568 526 681 941 804 585 723 10 495 
147 872 759 830 150 610 446 838 195 655 325 840 152 263 991 4 863 558 783 784 459 694 919 145 525 470 898 145 432 594 569 633 49 552 41 569 21 16 900 453 300 483 733 638 233 407 59 959 154 435 460 973 818 79 670 73 300 999 537 166 94 488 184 383 721 254 870 272 
128 135 760 93 960 260 810 628 301 483 295 843 601 307 956 669 14 38 112 845 92 444 818 757 632 929 597 330 520 89 100 768 691 844 822 334 753 572 881 976 362 750 768 313 596 213 280 34 724 924 365 976 700 312 166 330 475 857 535 75 588 7 661 719 428 338 310 243 
845 38 688 66 328 517 396 921 412 14 235 850 882 822 616 108 849 402 336 44 272 508 199 162 933 908 878 406 752 193 304 187 827 925 353 459 879 216 635 882 646 938 642 959 940 489 644 469 654 735 570 726 60 957 610 840 374 122 344 841 763 29 88 962 835 970 988 442 
343 246 119 770 743 462 142 666 717 440 718 924 138 286 786 93 10 427 560 259 175 456 199 41 988 315 612 54 776 950 137 958 981 890 413 656 507 649 800 284 898 781 401 997 354 537 575 896 213 667 445 980 401 973 697 265 411 627 286 193 788 554 755 123 363 874 551 577 
663 472 163 44 230 252 982 443 834 515 454 907 698 224 472 403 774 661 739 265 130 100 660 504 482 254 421 871 644 122 947 71 82 554 519 885 850 398 990 222 56 901 436 216 655 741 762 921 982 965 581 406 666 623 899 327 803 625 219 618 194 287 975 749 837 765 43 711 
745 456 940 875 648 210 732 348 733 383 892 501 719 501 259 53 825 348 875 532 968 165 393 111 666 361 287 10 333 896 94 232 318 566 649 135 540 443 111 249 69 866 310 469 546 137 214 267 668 585 46 486 446 90 277 785 175 52 168 178 235 804 203 582 41 754 507 779 
284 17 388 439 810 148 578 629 159 288 38 273 278 205 472 342 682 485 349 327 165 676 348 874 832 56 373 939 50 643 348 781 545 675 551 656 112 447 980 442 858 551 842 811 62 717 921 539 493 922 831 538 850 666 427 813 948 54 904 860 412 303 61 203 986 552 750 944 
416 1000 437 396 891 174 614 707 697 417 42 775 960 123 755 462 137 695 286 941 890 909 224 232 70 541 170 58 602 658 109 466 775 970 230 213 969 475 229 616 698 597 761 691 803 578 103 203 256 47 209 28 201 658 658 123 783 28 145 347 742 834 996 992 276 542 820 481 
736 14 972 258 179 468 872 704 517 543 305 244 676 801 917 224 852 391 247 922 688 281 594 258 661 775 606 350 824 288 995 408 877 135 996 307 129 399 438 785 858 808 159 410 777 249 741 739 226 233 763 533 160 631 427 597 331 60 932 218 682 31 537 658 154 288 249 107 
611 694 87 639 120 877 205 701 463 113 581 333 363 706 294 916 542 76 598 219 942 381 798 165 138 990 816 772 832 251 523 516 70 635 827 510 834 888 658 9 340 441 186 177 251 749 800 481 509 42 189 107 169 160 343 287 111 942 299 323 115 345 135 200 414 536 496 501 
948 47 540 74 941 942 635 697 820 824 362 213 213 218 824 446 749 721 281 995 363 641 452 838 372 174 428 198 534 455 534 707 300 249 424 60 428 151 344 965 828 370 40 87 352 219 975 890 990 689 260 496 439 782 666 582 872 209 559 143 708 694 950 102 670 435 949 812 
317 455 71 24 476 825 154 598 683 385 13 688 62 147 769 596 641 612 364 696 527 795 248 523 893 376 611 315 713 437 914 805 902 128 397 530 242 747 947 726 425 418 691 803 725 337 751 460 107 332 383 346 103 279 395 341 511 932 626 116 930 986 479 257 957 682 406 929 
67 260 420 386 104 185 775 601 2 898 866 568 824 664 351 536 801 834 195 426 477 466 909 631 528 704 479 473 332 248 590 583 458 721 789 36 556 391 86 554 798 358 522 312 123 863 122 32 967 267 113 980 921 8 518 994 478 446 639 901 680 971 991 933 426 332 919 352 
198 982 481 446 923 8 32 497 522 95 730 52 823 634 401 478 961 865 477 217 449 254 751 972 96 445 506 427 262 760 46 386 501 954 541 228 877 336 820 304 330 498 364 131 80 136 520 533 17 105 879 12 25 609 126 93 848 153 875 272 783 992 982 245 744 209 554 597 
947 610 416 952 795 780 683 539 237 480 937 95 295 796 708 797 813 349 208 315 725 555 328 437 711 491 794 282 922 81 743 782 574 895 40 144 378 615 107 124 701 70 710 435 718 470 683 176 414 204 348 502 166 678 153 270 667 737 455 11 919 544 401 1000 575 594 9 282 
368 888 373 287 485 524 56 118 986 752 737 45 973 909 669 100 420 138 568 604 340 54 243 253 758 531 47 61 867 404 171 374 480 159 63 795 145 393 967 393 768 638 216 984 678 39 361 108 951 715 590 927 487 766 642 902 758 977 396 220 33 884 733 73 207 788 672 916 
795 402 866 595 678 144 938 874 997 967 575 24 128 190 549 590 379 143 677 279 748 654 648 43 255 963 761 809 348 190 940 202 312 105 817 645 186 738 68 623 987 882 507 978 584 324 253 433 48 160 616 334 960 136 22 880 596 275 921 951 969 835 505 516 234 970 617 270 
61 547 264 768 884 289 606 567 614 162 470 37 769 236 962 60 136 116 509 448 397 479 15 184 40 118 564 413 147 589 730 937 324 492 409 17 890 219 969 267 506 213 482 467 912 629 193 332 787 803 101 572 272 324 679 725 877 736 758 689 359 34 946 722 490 803 928 55 
689 675 851 263 125 993 99 364 236 86 27 398 64 468 55 303 102 452 397 178 922 776 730 884 738 472 202 99 760 904 723 261 677 996 596 323 158 690 987 69 735 893 551 369 802 603 599 591 752 480 286 250 327 667 721 259 768 844 315 562 126 42 567 583 738 375 624 347 
336 466 534 419 336 344 570 173 451 835 496 882 706 144 868 393 186 954 696 451 394 817 300 57 518 587 140 57 969 957 964 969 800 209 457 100 852 272 206 218 284 733 273 966 275 595 116 117 684 974 827 913 335 429 889 349 603 481 536 209 755 248 286 993 369 195 298 763 
735 612 260 682 618 849 774 343 885 115 51 713 27 861 182 303 596 997 969 666 669 925 892 718 880 331 882 332 569 999 738 825 988 28 952 742 163 239 171 875 942 235 952 45 163 722 464 350 233 512 700 631 343 170 673 579 138 439 552 50 34 68 349 443 411 513 890 689 
822 208 681 693 225 347 868 624 773 296 652 664 267 773 541 691 226 907 530 784 476 653 316 815 364 59 135 135 786 811 107 354 901 541 74 397 493 605 200 291 315 704 216 973 998 894 548 912 146 939 40 20 894 796 167 862 652 488 76 733 559 397 217 882 677 751 929 583 
664 376 942 83 621 973 34 295 322 664 654 469 326 524 802 834 129 234 698 185 851 134 12 303 207 382 307 890 543 427 249 256 733 254 745 411 246 97 550 660 216 641 322 290 378 203 984 87 916 980 256 196 453 874 71 764 717 324 231 108 325 692 458 100 182 225 214 131 
739 748 640 49 93 364 877 901 719 232 676 685 601 554 298 259 896 744 82 632 77 381 41 990 144 959 927 298 239 903 743 771 155 649 275 85 102 211 517 365 736 296 688 432 342 199 395 512 923 28 31 229 464 147 203 482 172 409 688 257 840 193 525 639 683 584 615 288 
706 716 220 460 103 333 488 241 619 234 658 558 12 62 250 359 777 630 787 902 539 595 935 97 361 314 533 551 910 785 442 176 611 964 898 57 954 689 699 797 637 791 226 130 172 693 310 213 514 461 894 298 334 455 20 944 571 634 278 722 280 486 871 256 246 431 843 241 
471 44 269 93 462 758 708 892 111 518 516 443 159 368 570 805 226 12 337 296 586 328 151 654 536 419 815 38 570 356 444 925 321 923 556 205 219 745 753 675 488 452 722 516 35 772 943 713 705 30 210 392 454 745 500 833 518 955 787 662 573 614 999 118 709 163 80 796 
419 369 716 802 896 972 480 46 881 946 261 452 698 971 793 339 671 473 436 635 714 780 791 10 533 274 571 58 523 156 787 749 441 415 877 962 587 942 281 658 764 255 736 88 456 572 388 980 504 776 145 109 408 381 933 264 63 459 470 827 571 779 601 811 882 675 427 63 
235 278 723 396 121 431 60 811 164 313 656 252 488 17 859 390 511 931 291 199 50 759 28 527 464 425 120 383 876 826 211 364 691 304 254 365 813 41 200 453 488 123 812 685 404 245 859 700 584 989 202 836 719 327 728 295 7 735 980 481 333 812 50 102 499 502 140 291 
531 288 698 362 366 579 873 657 957 335 94 756 387 299 474 804 276 594 74 128 625 352 945 568 778 360 45 519 122 519 30 946 783 190 164 66 990 923 505 82 214 166 334 736 525 793 252 167 556 922 808 956 278 398 870 666 714 30 966 132 123 676 150 438 165 666 195 613 
589 377 405 329 707 177 746 564 105 883 597 429 366 792 318 637 411 92 940 145 128 835 499 284 315 194 500 873 21 92 999 507 917 436 911 899 235 110 271 12 2 329 421 430 615 688 500 703 146 25 301 119 87 267 400 135 448 292 396 657 634 367 471 931 766 438 94 569 
676 101 762 386 699 697 80 146 531 653 993 848 249 294 823 7 57 810 276 265 404 374 399 374 191 937 734 875 521 893 14 198 129 491 271 787 726 483 78 157 326 370 324 626 879 998 993 839 205 717 480 669 108 432 560 826 418 803 868 818 681 258 779 324 560 640 278 539 
842 677 485 505 320 949 205 121 608 385 705 898 42 313 694 196 864 27 670 360 955 772 50 446 627 858 629 612 675 407 717 401 958 172 458 495 399 83 492 971 205 82 35 468 847 54 795 914 271 12 468 683 313 72 610 826 727 907 553 430 435 937 543 282 845 550 559 316 
964 64 898 1000 795 517 625 603 912 346 613 151 877 907 19 467 828 686 708 14 575 633 860 947 866 717 271 907 531 334 237 1 934 706 709 509 541 265 510 622 715 698 37 868 199 197 303 205 765 713 868 655 528 837 237 150 791 18 917 677 16 522 261 440 301 408 538 437 
194 402 340 228 997 576 737 321 942 9 532 875 831 334 382 663 357 433 619 182 773 68 736 551 735 524 680 63 270 448 813 912 271 11 854 110 896 797 906 966 938 264 681 71 497 576 575 499 858 837 799 26 444 679 432 177 947 41 631 770 52 666 782 594 371 55 824 76 
267 830 677 560 107 810 50 52 839 716 47 544 561 118 68 235 385 409 600 268 606 630 145 29 995 120 220 292 125 472 625 263 95 90 975 835 642 219 829 647 942 430 911 900 567 878 365 522 13 490 432 636 346 511 113 71 770 817 650 435 524 974 330 571 379 804 828 143 
675 659 128 379 446 118 48 549 687 268 328 682 303 287 444 253 658 880 256 378 30 823 463 67 635 222 824 261 148 295 126 255 419 668 307 122 132 327 459 897 600 928 892 584 38 802 304 838 487 935 914 60 482 507 939 124 686 497 37 274 328 739 126 526 296 775 418 358 
594 286 307 365 222 515 300 933 667 906 415 900 844 99 371 456 740 25 905 843 567 70 445 997 562 402 944 879 50 211 830 284 248 881 132 416 917 34 707 881 339 719 185 102 327 180 286 150 939 799 871 537 500 753 775 330 991 833 623 937 418 780 261 633 767 778 428 677 
537 871 81 606 541 930 647 252 756 50 893 633 290 686 605 583 86 561 271 417 539 352 289 298 696 168 800 208 682 572 892 138 975 480 665 30 170 420 46 641 2 663 663 220 699 702 632 176 139 814 224 786 442 853 95 661 467 42 171 931 369 59 504 586 829 951 275 522 
31 180 578 979 561 92 476 877 317 13 654 976 756 760 514 939 502 235 994 698 354 661 831 760 568 61 529 37 315 403 15 300 883 792 572 778 520 212 134 9 346 225 139 681 873 80 418 6 531 656 823 971 339 296 466 756 506 801 27 551 760 862 223 297 536 398 562 373 
307 195 562 436 363 143 121 902 169 999 84 141 942 303 138 28 643 802 43 836 745 616 525 346 78 941 218 448 355 186 461 280 140 545 1 156 256 985 330 673 68 319 346 724 598 70 901 234 417 428 51 419 354 594 293 531 36 600 54 547 602 931 374 542 913 886 11 827 
635 544 316 323 617 218 230 27 937 370 658 796 14 454 635 329 757 134 303 682 742 196 434 23 47 277 322 988 442 299 167 141 677 990 268 260 496 853 771 375 621 654 851 166 222 423 735 432 510 923 450 139 321 390 323 137 255 357 788 745 538 360 950 625 25 703 724 772 
771 376 856 144 314 420 694 825 931 141 220 500 348 559 554 203 745 998 990 602 489 479 657 149 620 697 918 305 670 184 896 494 579 218 341 473 41 167 739 315 345 520 386 585 551 764 796 970 989 681 631 24 633 864 336 14 160 810 404 436 272 653 422 565 108 218 31 611 
411 447 56 780 299 673 964 163 954 610 252 242 119 274 862 918 556 743 206 488 328 811 399 432 507 287 509 243 719 760 535 120 369 875 33 842 602 292 360 318 286 861 219 386 174 391 379 407 590 478 675 805 927 83 886 584 795 86 992 154 942 212 424 365 699 609 248 440 
862 815 729 808 914 326 947 704 910 553 926 736 473 371 235 168 830 98 483 294 711 346 290 185 915 239 424 616 17 262 176 713 492 212 587 797 576 329 226 51 64 484 881 346 213 553 278 217 285 998 249 493 207 761 998 319 164 290 33 464 550 562 346 401 650 570 284 344 
361 702 171 804 705 133 489 377 304 251 397 831 833 983 748 489 368 831 398 365 880 597 101 684 889 986 308 99 448 152 812 48 358 185 482 231 614 730 57 473 181 465 427 643 431 560 553 139 101 942 960 259 659 137 342 957 612 646 47 626 19 393 992 286 927 106 826 548 
689 805 726 564 439 526 500 161 277 334 328 557 583 740 539 80 451 206 983 888 412 186 946 651 414 383 314 581 903 875 283 970 118 259 930 341 713 585 773 752 671 652 998 487 950 846 955 780 455 425 87 477 797 21 734 321 512 790 721 927 747 663 249 997 32 959 632 98 
681 481 14 582 290 892 68 306 272 89 123 933 245 4 237 341 291 463 767 75 671 570 354 424 67 381 141 261 720 999 345 316 569 665 943 669 849 337 436 228 819 649 71 258 502 661 658 184 599 912 188 674 390 819 550 255 966 487 881 978 442 192 909 789 89 42 242 371 
941 651 660 446 228 195 285 103 240 735 658 1 643 898 867 553 920 318 405 404 22 254 759 13 938 942 628 525 813 811 88 788 952 19 212 843 901 295 274 278 789 461 68 498 340 998 642 641 796 497 166 372 353 672 305 452 372 997 568 39 994 788 203 800 577 737 63 609 
807 337 347 262 81 424 581 87 166 936 141 601 285 722 435 869 525 910 258 174 159 351 955 177 523 770 3 996 116 551 371 15 538 269 963 854 133 197 18 581 552 236 815 773 583 828 975 209 940 640 559 476 557 775 820 749 928 25 753 631 384 765 416 60 810 204 657 345 
281 474 697 836 622 92 243 786 429 868 56 427 135 78 862 264 501 908 352 231 777 398 340 632 955 99 160 381 36 539 932 164 175 335 294 144 883 263 553 628 396 543 783 16 52 838 470 569 194 897 554 997 898 659 639 545 296 266 443 812 545 793 857 201 189 675 251 781 
726 683 408 10 987 491 665 125 786 675 689 559 902 865 629 701 695 412 482 112 416 680 292 374 780 419 506 215 12 923 860 657 228 478 3 104 78 395 257 487 698 495 405 528 785 392 481 365 172 279 966 425 572 721 214 955 234 318 269 456 747 999 529 29 914 699 801 177 
689 355 556 369 626 920 223 401 104 195 993 324 45 818 274 492 957 200 885 212 197 742 375 956 28 106 951 282 649 42 143 806 754 124 151 186 634 600 20 980 639 808 522 66 897 398 484 597 993 941 584 148 467 617 286 245 86 597 736 615 222 828 898 27 368 769 755 453 
463 565 756 211 312 57 971 222 880 525 826 287 598 521 40 772 815 73 688 581 558 357 675 757 78 695 93 982 245 716 582 197 776 296 977 636 77 309 452 606 989 184 413 70 872 993 356 910 2 651 128 145 473 571 310 761 589 420 96 751 575 3 231 928 161 909 936 18 
724 590 915 228 874 22 303 782 481 847 485 486 296 369 367 864 754 608 817 568 237 185 865 341 118 675 168 548 660 698 386 777 377 44 76 649 113 270 408 330 68 868 897 649 454 471 678 2 933 739 74 303 59 288 360 799 739 408 815 385 138 407 674 255 952 526 915 887 
94 451 940 912 660 760 724 887 389 960 531 624 737 788 371 620 747 839 779 989 413 142 931 806 712 211 885 770 913 879 57 430 298 326 892 296 152 10 685 397 179 986 904 718 571 315 267 530 82 880 500 661 212 526 68 900 982 800 88 294 145 370 849 644 722 990 261 110 
330 928 149 911 489 802 836 442 874 293 947 770 172 329 413 294 465 901 698 364 931 950 104 562 741 834 972 902 487 579 165 776 702 950 390 897 190 311 607 665 553 768 194 998 754 456 455 579 696 895 432 228 766 924 823 194 801 5 46 304 23 645 646 612 885 858 59 216 
223 591 112 659 581 663 354 78 649 988 124 565 827 28 672 981 327 98 591 233 119 733 229 274 988 376 101 749 581 912 843 948 366 980 691 699 736 365 391 150 816 67 419 53 818 558 19 832 792 228 804 747 299 729 650 846 1 299 792 923 907 655 403 539 162 42 55 485 
732 179 921 648 360 720 889 639 84 788 877 521 140 259 127 9 909 216 194 843 709 451 38 425 188 348 907 532 948 466 58 788 337 586 433 733 927 847 444 665 496 634 677 165 397 619 269 88 877 363 725 312 572 326 475 193 192 834 558 768 919 45 406 998 771 278 833 334 
176 242 594 556 924 480 406 22 449 457 760 849 274 391 982 310 510 116 797 456 405 766 439 300 498 495 671 311 964 313 650 851 194 83 838 885 378 36 23 338 916 769 893 543 765 687 485 441 687 969 393 446 995 733 44 423 108 644 549 732 239 372 116 733 340 485 871 274 
496 220 575 994 649 58 439 585 912 408 848 791 465 751 514 890 105 878 281 691 603 81 91 990 578 350 142 979 616 283 182 460 330 403 898 922 339 398 360 531 180 474 168 990 439 812 489 786 126 410 860 433 821 681 168 45 222 55 12 320 927 786 355 97 6 197 548 470 
259 961 335 724 805 560 182 884 501 714 478 458 827 466 274 13 567 273 273 721 776 396 290 891 379 512 625 524 208 269 335 971 708 76 714 231 874 235 330 877 899 833 500 697 110 46 212 915 735 78 976 28 804 719 512 548 148 635 550 183 884 147 585 73 831 669 505 915 
23 413 653 942 729 725 810 577 103 548 316 548 419 729 720 725 570 30 645 700 437 329 696 849 100 653 550 44 946 189 957 23 754 971 457 398 291 919 417 446 168 181 270 388 727 40 538 951 6 116 292 500 903 593 986 447 607 103 354 92 911 974 808 868 714 99 215 749 
487 710 536 171 366 374 18 617 76 242 733 269 349 405 718 257 188 339 380 793 361 969 174 747 456 575 4 725 38 113 357 800 405 163 311 282 120 612 222 438 884 769 391 107 661 915 217 715 479 96 963 196 901 275 298 739 383 444 250 857 100 580 882 928 674 356 145 599 
76 780 355 564 409 308 477 75 911 535 114 716 653 319 18 989 116 730 820 772 282 426 770 953 244 968 449 776 213 989 681 717 24 7 48 408 332 678 924 634 551 366 657 898 522 157 603 971 963 349 951 668 796 719 29 781 124 454 154 267 821 919 977 852 999 915 129 825 
630 339 989 104 484 11 771 523 128 533 874 909 272 839 283 317 210 446 751 502 769 52 964 662 10 417 550 19 634 247 772 735 383 490 806 435 149 620 546 240 965 411 612 791 582 89 395 460 283 332 696 747 452 260 771 674 524 636 642 27 27 491 516 389 245 622 285 445 
311 459 214 239 298 326 733 259 732 980 268 284 15 831 989 141 911 175 520 288 914 43 139 511 584 207 68 995 791 405 91 143 194 251 943 670 503 530 289 544 571 552 796 771 608 57 84 471 756 138 479 97 29 543 940 701 210 331 361 223 975 478 598 717 664 326 259 897 
177 427 139 974 391 205 842 133 664 341 73 660 10 844 652 139 239 267 456 505 845 594 653 382 693 430 96 104 351 219 249 464 689 656 415 87 234 653 388 15 619 266 311 765 148 966 475 523 500 789 332 808 44 144 111 106 605 806 885 868 772 325 544 507 523 989 460 32 
335 283 863 497 672 505 551 757 903 356 691 939 662 368 491 663 349 307 1 427 289 298 480 706 475 449 359 148 556 84 231 317 309 757 415 752 909 515 150 578 228 254 566 688 600 159 66 770 360 474 282 910 545 9 827 598 464 1 91 884 960 823 255 857 367 342 467 227 
61 347 952 475 564 320 981 93 672 770 727 694 590 636 604 231 970 894 583 34 799 859 68 338 422 286 989 446 170 113 142 29 634 630 993 187 202 420 818 653 271 243 928 449 179 947 596 593 277 937 526 791 507 720 48 337 838 749 748 446 93 495 138 17 294 473 635 859 
666 996 677 402 185 580 211 861 964 792 596 957 332 144 293 98 478 127 38 267 106 851 109 991 119 992 420 677 783 90 138 656 529 352 757 414 271 397 793 926 596 591 371 932 105 569 312 673 715 114 53 497 336 251 691 895 333 419 555 465 99 974 795 579 339 281 164 507 
18 867 309 715 59 684 537 153 950 476 365 774 665 650 387 360 502 51 183 656 724 116 139 711 994 281 544 620 406 724 303 767 69 966 344 127 184 607 117 262 83 354 841 980 296 854 747 983 852 909 94 946 810 770 161 808 602 664 915 291 14 638 272 13 558 537 139 819 
8 124 143 803 557 743 579 132 642 986 921 843 594 632 810 773 37 811 107 660 829 329 587 396 868 134 867 728 974 514 202 470 348 185 239 9 507 924 386 565 630 154 75 646 759 747 272 483 908 922 465 174 219 874 837 269 989 7 520 166 772 30 233 952 160 208 44 827 
16 334 415 539 928 937 569 170 65 544 611 310 667 594 749 537 435 516 42 343 47 251 35 488 474 19 178 601 39 700 291 990 689 889 81 188 476 630 353 656 805 740 302 99 664 148 292 608 41 941 865 220 388 998 993 60 875 888 94 642 261 281 490 544 694 73 349 655 
440 343 536 154 951 408 418 274 37 901 671 784 372 640 935 292 310 199 495 129 956 90 9 900 680 587 181 199 486 966 554 256 101 659 212 683 595 748 469 387 91 945 627 351 468 353 548 404 782 151 468 351 7 122 708 957 309 296 689 695 68 483 79 710 414 648 747 906 
579 235 642 132 924 172 831 378 481 153 539 792 564 23 141 21 315 538 835 717 471 606 797 691 666 791 997 744 988 366 243 406 860 86 422 861 232 768 887 297 621 924 466 252 862 968 823 850 974 253 94 147 247 719 877 442 994 604 311 358 873 688 283 972 595 523 1 55 
743 890 294 240 428 842 708 983 795 759 919 205 759 932 565 427 907 394 351 824 84 974 271 549 112 2 667 761 650 391 129 260 733 364 415 767 499 882 593 379 143 903 774 235 939 216 910 944 839 197 935 128 311 37 307 277 902 145 83 62 141 85 75 518 143 904 904 251 
178 177 162 580 927 582 452 444 338 61 74 600 418 692 957 628 640 497 552 754 238 794 742 129 235 601 609 572 443 484 571 25 829 17 766 471 246 968 234 287 251 782 701 100 388 882 301 720 749 479 513 315 375 401 474 472 795 385 821 78 964 734 510 362 265 55 944 635 
451 507 492 22 436 448 803 880 383 458 694 309 361 205 935 299 572 413 547 983 579 378 319 696 919 123 733 173 674 434 965 38 507 525 322 759 955 681 427 364 101 411 986 849 916 195 810 198 65 869 407 473 835 106 569 48 877 256 759 670 874 423 76 276 320 716 559 522 
165 830 762 531 665 356 240 843 712 778 501 28 829 863 644 686 71 979 624 975 957 332 200 53 715 370 908 288 32 564 214 914 10 111 597 233 908 112 494 705 109 893 350 532 906 401 986 827 735 419 422 640 31 849 573 890 534 696 116 613 737 621 979 628 535 370 764 326 
181 133 139 891 281 496 846 56 305 970 615 944 251 28 320 521 544 78 822 467 672 228 512 52 395 177 581 746 182 210 23 707 594 656 821 877 52 9 545 130 564 37 842 371 218 410 978 91 407 691 256 673 795 620 53 769 529 324 590 699 162 292 834 128 546 342 564 648 
906 743 267 708 836 142 571 408 31 408 696 892 766 280 712 720 700 439 280 985 306 732 513 401 107 629 480 100 907 392 257 65 870 568 63 655 764 223 312 471 148 395 861 992 636 804 301 145 638 585 756 215 507 207 666 518 568 898 963 334 431 861 323 667 367 997 183 141 
51 286 241 99 790 755 754 204 168 183 730 227 716 654 795 819 100 376 571 262 153 14 677 809 671 908 252 889 914 425 12 337 674 589 73 128 298 785 218 422 512 469 87 182 433 871 148 900 126 347 621 178 500 181 327 369 539 692 631 630 514 810 261 459 23 32 199 239 
227 486 399 430 423 429 557 777 307 124 730 160 918 816 459 293 277 758 748 231 943 108 814 206 842 140 985 588 699 360 601 68 625 836 943 172 315 891 51 164 6 352 917 287 863 271 15 571 241 442 845 284 726 979 307 66 348 248 962 314 462 474 784 324 252 740 928 656 
452 29 291 717 782 921 528 583 962 72 601 570 319 728 358 692 884 491 667 312 572 435 650 617 880 98 273 912 693 403 753 247 42 962 140 496 722 219 363 465 18 828 25 439 328 101 449 639 252 912 197 500 446 558 363 589 835 960 751 748 177 982 913 404 820 373 881 590 
702 346 416 318 725 293 795 715 935 918 72 671 408 758 130 797 218 496 382 677 591 541 478 130 96 590 894 554 891 962 827 628 629 303 614 204 622 61 910 962 12 626 775 766 698 40 774 420 465 160 267 361 243 717 563 173 188 546 432 297 898 14 607 189 661 251 843 476 
632 186 229 546 148 52 317 123 769 615 998 739 585 40 694 990 405 66 721 320 280 501 193 949 625 362 684 268 241 927 178 995 5 928 957 40 160 501 108 842 74 752 201 280 298 793 592 608 37 272 358 77 237 755 915 213 595 810 78 574 760 617 298 180 591 593 569 446 
352 342 406 197 641 110 328 574 322 195 512 937 216 999 837 957 749 615 393 314 959 87 616 370 849 813 86 455 119 959 596 923 972 787 35 985 243 657 762 473 288 237 408 315 563 495 191 529 568 505 487 448 200 603 502 690 426 428 400 925 196 604 51 566 320 39 506 840 
843 897 516 272 49 199 414 494 292 996 676 655 568 688 915 976 454 17 5 452 740 204 964 510 23 341 229 610 964 225 943 708 878 447 665 207 754 337 832 550 638 316 995 325 48 130 559 298 900 137 363 656 833 419 923 896 71 743 243 35 965 949 458 83 181 299 489 210 
486 571 384 763 788 926 345 329 600 221 341 914 987 858 689 615 347 574 500 374 702 44 241 903 779 624 220 128 879 543 950 847 513 531 792 655 996 547 522 375 110 114 255 919 91 666 330 144 865 835 50 582 666 37 745 194 708 542 863 512 708 367 545 272 183 979 687 859 
747 692 588 957 953 588 638 102 622 70 392 717 288 745 40 848 678 463 237 785 830 147 272 290 429 424 401 377 906 733 108 215 981 345 326 31 577 90 836 729 890 853 136 664 650 806 256 798 72 243 893 957 616 223 58 420 784 337 750 690 351 543 20 876 110 240 468 988 
276 725 786 912 105 84 752 940 599 362 629 866 657 725 804 369 365 724 79 754 928 949 256 616 746 567 70 788 561 844 472 611 66 84 857 620 517 916 843 848 375 328 3 127 926 874 786 498 384 662 315 17 764 494 492 827 164 769 737 706 819 349 222 908 915 81 298 109 
949 415 683 983 330 130 251 645 684 649 569 735 944 350 608 306 930 442 492 156 652 741 639 82 864 378 294 506 85 108 981 397 286 192 597 915 621 323 653 680 587 152 56 350 467 704 288 789 831 289 682 381 875 922 162 462 595 539 371 414 826 703 719 137 177 246 236 571 
224 623 442 485 580 481 508 99 399 901 973 174 980 556 749 994 700 469 668 527 939 530 899 919 47 166 166 367 920 172 456 555 374 464 972 976 843 417 931 74 809 919 628 299 516 206 455 712 961 657 103 735 815 232 331 941 446 351 470 918 932 339 73 648 654 948 604 875 
355 677 620 373 278 648 361 718 180 503 544 272 466 248 329 60 373 632 808 348 822 186 696 755 655 73 65 828 410 189 344 26 71 559 515 979 714 651 670 711 134 319 339 722 853 14 189 15 877 692 938 156 322 511 897 952 267 951 198 616 577 707 34 75 681 346 927 560 
734 619 581 13 970 738 441 583 9 215 374 978 700 903 646 909 709 149 474 663 783 760 659 827 270 426 235 562 213 96 500 827 385 497 827 942 550 926 525 328 759 69 839 283 684 107 209 589 444 427 362 648 245 760 364 613 79 145 42 617 496 769 230 254 108 48 901 290 
276 578 541 36 605 575 958 633 945 902 942 807 308 787 782 17 646 687 819 829 135 756 188 942 808 553 599 168 57 77 637 10 543 363 479 426 242 423 899 849 469 548 919 54 525 503 883 148 23 212 862 878 73 918 500 534 631 769 672 322 270 649 23 381 271 301 849 207 
142 857 198 521 425 782 884 289 196 167 57 312 505 86 148 458 173 114 823 767 454 49 123 881 709 264 912 575 465 152 488 560 699 340 713 106 291 615 64 922 493 461 968 49 134 596 566 530 312 602 79 208 99 351 705 140 159 497 362 898 167 619 443 898 509 347 786 989 
315 832 144 408 374 539 13 340 270 593 727 894 373 121 555 415 957 174 274 94 835 79 395 556 601 269 704 78 21 969 197 626 934 98 985 918 23 542 87 121 102 669 697 574 267 392 688 881 736 333 361 281 915 534 746 23 64 520 213 36 874 53 257 814 587 974 873 931 
665 48 380 628 245 541 913 723 457 65 183 945 453 124 724 89 842 860 319 906 96 410 595 296 296 11 869 161 508 129 125 424 826 531 623 897 269 657 362 441 947 908 154 246 563 957 543 358 815 730 259 268 413 280 765 659 633 330 554 352 646 535 353 499 694 179 965 719 
477 955 907 729 986 604 935 11 737 684 826 766 212 176 967 692 812 955 624 780 6 548 200 555 90 653 51 813 58 472 947 188 476 571 526 997 310 870 65 178 931 594 576 498 851 39 843 731 221 26 996 932 909 177 455 245 114 979 879 478 235 653 670 668 591 456 105 39 
804 146 515 544 901 87 213 926 427 464 540 191 212 683 716 652 340 73 917 312 577 204 146 472 534 85 892 538 744 63 19 927 785 360 922 987 466 373 230 829 638 892 624 605 908 781 293 954 127 521 265 210 146 179 669 122 378 60 410 386 217 796 464 834 957 924 459 153 
440 299 821 997 695 889 98 598 674 69 720 116 97 190 161 834 962 33 340 658 428 564 131 611 137 949 807 606 179 713 889 40 705 929 412 261 743 270 464 387 682 823 241 568 970 808 345 729 522 125 842 126 678 719 452 198 519 830 855 81 67 632 691 390 445 103 830 804 
405 930 80 273 379 427 46 506 331 773 633 235 296 871 167 804 825 533 232 796 934 154 727 561 464 30 533 646 115 323 515 268 984 241 203 977 332 252 261 10 384 745 309 361 566 756 284 597 73 832 303 632 157 541 689 201 442 27 981 345 609 487 655 398 587 272 907 874 
338 698 539 758 540 324 881 908 701 570 536 671 704 360 233 566 940 869 394 510 959 346 50 999 930 295 435 533 133 296 965 95 342 24 405 825 709 845 7 759 705 839 69 379 483 559 364 826 564 950 130 817 701 109 881 33 466 152 427 906 290 49 776 384 890 787 674 441 
609 755 215 698 706 795 361 257 82 975 118 721 481 726 872 946 34 441 130 98 187 830 252 460 344 951 142 182 57 719 213 150 92 507 520 955 308 763 373 191 398 74 164 242 518 456 362 593 117 924 992 561 715 97 993 699 271 169 566 560 224 103 119 862 479 402 650 31 
886 924 737 931 823 168 973 82 823 686 804 62 907 978 986 482 246 971 357 575 231 897 512 666 588 984 996 756 80 362 368 562 957 708 477 396 859 628 235 389 737 65 773 607 882 111 89 398 1000 431 137 781 474 356 381 931 403 863 938 844 603 861 41 743 562 537 125 334 
177 319 321 934 62 681 831 400 907 642 505 873 810 228 184 499 872 481 495 249 813 299 115 958 75 952 720 230 217 580 198 632 889 896 822 752 984 878 692 214 302 600 122 503 603 862 516 836 291 143 975 326 903 724 228 320 586 994 993 779 982 655 40 339 598 350 821 984 
410 383 530 450 705 229 637 834 133 324 411 720 93 281 808 502 385 254 394 838 7 425 621 523 538 917 995 590 968 741 558 692 143 397 387 882 962 938 465 437 99 495 633 45 266 618 330 880 370 607 248 112 762 641 546 146 463 127 946 695 40 366 289 887 225 964 69 64 
597 807 132 886 694 281 121 811 942 466 682 124 706 401 973 108 858 726 888 469 686 204 889 947 226 431 29 595 662 355 601 122 810 377 101 895 433 699 639 377 649 821 394 324 624 282 412 191 651 958 999 293 517 696 563 760 635 722 445 290 140 628 217 574 635 143 709 465 
899 95 993 364 747 836 425 548 244 252 41 838 983 55 58 380 770 96 457 47 134 702 778 55 98 389 187 170 661 282 494 942 752 720 254 155 447 443 738 139 728 245 347 717 909 102 840 512 171 121 827 805 962 712 771 486 107 239 597 418 116 472 262 14 460 97 963 672 
924 358 251 33 395 259 567 4 421 316 420 630 277 442 58 302 631 200 602 514 290 110 922 147 102 353 120 419 619 550 952 586 684 58 61 18 320 545 851 48 17 778 959 345 927 899 352 297 534 125 40 989 53 63 374 12 819 672 405 718 101 921 494 130 380 169 747 492 
90 361 266 770 214 716 110 623 553 762 847 510 315 192 856 946 562 15 400 336 7 136 182 107 99 979 841 912 639 71 314 935 133 258 827 648 406 484 576 731 978 160 772 950 184 55 539 991 817 314 150 928 108 10 741 949 592 185 28 291 570 698 599 350 237 275 276 231 
843 499 980 367 369 167 145 550 943 205 540 367 7 12 55 273 428 222 642 702 694 364 629 738 456 14 330 109 496 587 75 220 576 872 661 684 562 366 717 709 963 541 336 543 494 188 364 832 807 677 544 723 251 171 982 46 826 476 955 448 238 969 504 543 613 282 478 491 
31 236 767 87 863 306 590 619 319 765 381 927 335 429 191 410 348 511 184 73 97 970 140 938 552 273 69 924 497 393 338 952 378 533 462 753 825 825 182 130 291 404 436 494 345 531 30 250 452 707 832 652 327 158 754 245 617 932 786 831 748 188 170 379 197 493 814 636 
701 643 128 427 106 768 407 908 375 908 757 323 880 665 692 94 186 353 97 199 464 41 111 375 230 891 72 172 256 181 413 282 990 307 243 331 761 631 272 662 804 439 783 733 64 2 731 390 975 313 246 758 844 579 741 89 827 616 967 979 589 140 907 913 361 553 154 104 
97 611 273 618 45 583 249 441 218 666 774 606 130 869 944 345 344 379 585 123 646 551 698 387 517 548 225 296 720 546 398 218 237 680 382 356 367 619 769 933 230 172 996 738 27 488 331 935 273 502 926 595 401 108 697 942 94 832 801 667 595 979 965 951 861 767 81 935 
591 753 148 844 483 718 610 5 514 803 342 42 485 212 583 252 757 1000 87 111 431 411 400 741 101 896 805 74 769 149 887 536 47 33 338 695 102 718 987 614 353 858 664 745 209 876 584 79 454 707 629 91 904 668 401 510 69 733 371 542 355 226 322 883 650 193 947 137 
981 870 770 398 182 415 231 884 633 862 158 73 183 117 307 401 941 313 481 272 387 124 912 549 80 84 858 752 75 460 993 384 162 754 993 261 736 715 484 706 922 466 184 953 355 29 258 815 428 979 26 284 259 97 536 401 984 124 633 277 696 360 518 607 698 323 988 1000 
503 5 431 514 810 661 657 29 100 619 533 649 306 527 341 436 675 709 395 160 293 375 562 367 575 30 114 511 360 889 490 847 49 417 310 75 985 926 253 623 729 862 493 462 650 807 693 84 967 469 87 724 828 451 617 309 884 489 582 968 639 647 190 110 469 712 126 834 
506 395 128 120 664 899 352 400 669 951 6 960 124 215 817 956 326 114 940 441 794 286 793 311 685 38 638 906 576 416 638 572 185 505 300 145 351 412 213 73 578 600 41 927 264 144 937 505 919 258 967 823 775 121 450 712 808 104 596 600 997 896 125 279 670 714 890 514 
135 761 323 608 646 240 501 306 176 820 758 686 195 960 827 898 705 747 403 392 882 858 498 394 119 571 646 10 339 132 475 370 485 80 862 363 786 391 744 311 755 258 188 296 219 821 933 73 928 958 614 513 490 338 116 614 907 419 982 201 923 751 730 787 597 298 326 441 
295 316 260 24 488 648 567 936 93 937 930 963 828 130 921 141 687 230 952 516 734 730 769 724 969 809 396 493 359 628 915 347 461 536 548 626 197 14 626 316 635 606 355 66 193 977 620 777 507 216 796 330 789 667 261 680 357 923 229 838 472 92 574 122 61 836 153 42 
1 545 781 166 99 525 62 114 856 384 117 216 612 569 253 934 26 600 499 727 92 55 363 229 215 851 541 211 496 392 67 281 574 866 174 292 491 39 177 392 666 968 154 887 308 294 169 173 845 864 845 161 718 667 316 277 175 360 169 706 257 387 326 27 305 674 342 807 
635 451 852 509 342 250 444 689 334 896 227 107 114 754 263 419 696 172 788 402 911 421 822 37 328 644 934 861 316 409 794 73 247 312 830 42 334 63 838 598 436 33 285 583 825 641 35 645 508 451 775 142 767 264 853 279 711 632 213 472 918 517 408 982 66 213 652 767 
368 293 420 976 365 478 846 516 563 983 563 56 888 494 985 401 234 193 554 732 279 739 888 884 479 947 727 64 700 15 898 19 808 574 677 20 538 972 70 971 514 553 649 940 617 18 395 264 595 93 424 261 441 279 925 356 531 235 319 402 899 423 340 41 34 367 959 184 
259 126 782 924 54 480 88 513 260 544 228 217 325 116 38 585 710 696 260 746 472 300 770 273 749 926 424 243 827 352 142 564 152 503 178 565 918 987 160 315 660 54 227 825 109 734 466 844 309 271 17 431 994 784 531 643 356 254 880 735 725 847 675 631 757 428 402 454 
481 425 157 485 615 798 907 471 974 914 55 459 863 635 949 814 231 405 196 969 482 290 990 165 590 574 221 316 743 773 886 669 967 947 809 737 853 840 670 786 167 803 433 872 357 785 432 703 252 625 95 310 201 831 297 865 190 950 139 411 11 543 472 893 422 953 383 411 
250 317 671 133 168 494 502 549 37 396 411 337 776 343 704 986 622 515 655 491 100 99 220 557 330 430 207 773 952 959 502 168 19 387 372 376 714 493 798 224 216 151 419 38 624 472 325 144 379 875 275 1 361 703 785 650 809 22 344 721 743 85 518 888 687 6 151 743 
894 556 178 32 22 331 686 382 310 472 897 43 439 825 332 835 710 478 726 543 430 247 654 720 409 693 287 695 627 990 174 699 695 63 611 23 480 70 73 19 226 57 795 566 72 200 724 620 416 521 755 189 349 500 260 323 535 878 804 559 10 634 920 279 239 407 895 260 
608 198 138 75 315 453 790 276 848 90 549 614 880 241 847 766 770 1 786 695 684 511 955 300 171 332 699 872 28 118 688 4 815 508 114 135 292 569 787 92 594 601 722 569 40 263 921 983 326 114 243 959 52 26 702 458 258 104 92 640 372 69 573 282 811 601 997 931 
59 564 753 217 203 566 227 378 527 722 36 444 271 812 519 104 671 47 542 674 449 836 100 242 79 821 908 258 614 289 767 715 156 478 852 238 848 677 929 866 436 960 501 337 951 329 695 414 775 482 495 545 425 75 396 8 244 134 277 541 622 575 719 17 289 992 866 995 
873 575 304 358 224 974 994 161 502 174 43 20 969 152 186 967 550 921 190 271 607 175 901 774 39 483 133 537 243 736 506 997 301 824 928 556 531 239 416 355 132 914 126 144 649 159 838 624 520 582 784 733 942 670 441 863 376 363 316 709 584 414 172 104 862 963 806 406 
205 366 7 25 622 691 864 903 154 821 452 226 656 656 31 951 33 602 205 841 39 654 506 771 821 164 192 630 720 355 800 134 802 804 998 543 628 927 813 547 994 960 586 189 586 528 318 308 407 38 855 995 298 915 590 511 991 762 931 657 9 608 934 401 135 760 553 239 
594 582 339 600 122 523 169 159 26 866 630 707 386 580 406 396 899 177 317 839 855 853 871 899 741 477 834 37 82 792 491 8 5 275 643 224 452 250 561 237 643 245 886 34 422 189 425 113 964 487 664 368 49 614 725 742 733 205 558 768 221 667 227 159 413 773 752 920 
78 515 127 247 673 402 300 371 314 210 962 216 650 578 273 396 9 705 987 206 286 243 218 700 213 546 249 361 210 709 143 249 41 89 33 228 298 825 197 942 188 645 124 153 754 991 682 591 419 382 547 103 55 433 623 320 415 667 534 406 649 448 76 794 276 397 890 834 
635 266 201 209 782 700 672 408 374 612 92 105 653 193 622 185 977 462 699 325 808 349 860 753 507 370 471 624 40 838 584 982 498 365 918 470 377 892 582 487 842 352 520 457 5 267 529 296 731 356 730 658 512 647 791 628 888 711 148 683 401 412 837 68 603 742 817 750 
146 342 763 868 447 450 132 429 749 804 280 140 695 819 640 351 180 5 640 811 368 820 560 582 651 525 622 156 636 549 919 950 35 695 122 97 154 649 934 617 270 794 928 551 725 306 729 648 895 134 294 197 785 592 942 705 804 445 460 842 176 332 770 941 527 410 959 533 
671 467 768 789 59 579 314 813 530 431 431 598 992 657 161 57 414 220 942 860 379 166 487 684 598 226 654 112 417 132 891 185 29 332 999 833 968 151 832 95 964 301 47 548 453 564 251 664 490 901 170 678 195 343 483 679 193 835 697 985 490 437 604 40 91 80 677 202 
586 760 519 674 652 551 133 452 802 369 686 90 100 426 514 982 342 507 219 2 529 946 159 963 809 621 216 305 169 881 10 264 490 119 13 361 764 12 997 709 614 650 498 95 682 489 585 121 657 427 423 855 994 517 423 871 200 546 900 603 1 624 881 983 210 95 625 827 
565 244 853 287 248 898 989 887 732 75 682 727 359 379 999 891 406 929 853 713 487 501 283 485 196 901 889 195 628 807 63 810 984 267 721 823 390 171 237 782 467 914 182 773 539 132 849 980 124 521 604 584 273 303 937 133 755 503 251 165 846 886 221 413 98 756 124 484 
628 55 177 180 316 722 31 489 172 128 120 293 791 46 127 959 860 144 749 2 435 965 12 760 671 781 967 236 370 338 543 779 973 105 727 709 443 620 981 400 85 277 357 27 583 133 265 876 700 616 475 433 677 191 998 395 584 310 889 731 713 835 481 59 163 602 379 441 
444 523 543 443 689 243 953 526 971 624 206 543 246 454 833 131 700 750 40 657 191 892 302 969 441 862 329 240 974 794 951 646 762 12 53 891 977 165 842 402 602 324 227 77 426 309 65 650 187 448 160 826 658 999 493 511 72 604 345 228 868 756 152 347 42 739 59 887 
644 943 546 557 842 389 129 30 737 976 653 503 464 498 240 926 288 127 714 343 827 660 617 92 602 257 594 612 191 519 482 987 238 748 739 355 125 35 672 867 129 45 705 294 272 81 594 640 904 578 699 935 955 780 983 563 368 380 154 584 430 397 733 902 459 596 977 534 
125 572 81 277 668 721 847 24 713 577 956 247 610 767 462 894 713 943 899 711 750 341 373 775 868 590 645 756 802 438 593 372 512 252 931 431 600 535 571 646 693 455 496 983 179 281 449 102 559 381 866 671 885 48 655 971 377 977 716 149 383 56 830 558 532 71 187 859 
511 199 23 471 294 512 67 738 374 701 87 262 220 950 565 952 439 940 290 240 820 79 624 32 176 346 189 345 642 545 50 221 506 567 306 551 261 494 766 197 313 733 381 205 559 964 108 560 139 789 524 222 184 641 927 811 231 701 499 591 273 207 901 750 465 547 205 825 
472 723 254 76 198 481 536 135 617 647 162 172 460 957 675 88 697 181 288 680 491 767 520 276 764 16 31 50 351 804 283 807 321 750 174 424 712 642 88 718 864 497 467 310 868 423 846 193 339 121 258 788 594 64 574 693 422 739 188 807 208 383 676 632 735 56 9 555 
898 387 614 61 898 354 450 115 348 804 956 536 689 789 164 293 129 377 97 108 805 508 181 702 733 204 951 871 928 392 624 251 218 307 578 245 457 778 784 619 869 46 476 705 557 389 201 411 371 486 968 687 671 268 668 219 355 334 167 945 637 140 448 913 95 541 309 169 
290 55 321 949 485 691 307 514 938 80 317 56 908 754 816 749 460 768 682 215 736 572 396 138 275 717 529 675 589 150 504 78 6 517 442 270 138 289 913 274 346 997 270 231 708 203 536 956 962 466 261 23 93 810 121 244 566 871 661 976 351 921 862 940 740 780 674 646 
282 955 337 19 45 176 675 464 423 934 559 79 471 280 760 686 987 892 376 90 568 105 961 605 940 953 783 443 351 691 881 292 598 55 270 865 56 276 42 87 648 395 42 172 170 576 757 439 814 952 975 830 132 588 178 437 627 783 644 829 737 896 413 294 328 228 736 80 
923 504 354 429 897 816 553 467 980 139 952 214 777 970 33 308 670 635 71 351 52 24 343 226 327 544 199 333 520 272 592 609 987 666 615 749 251 576 31 464 603 837 572 691 628 789 622 486 222 393 739 887 102 813 235 855 310 220 162 707 69 339 743 753 256 373 499 107 
534 130 937 748 455 422 267 554 131 76 196 335 511 919 128 287 321 672 192 604 578 444 70 991 718 682 74 668 118 930 280 662 61 719 429 267 444 194 110 442 608 703 685 213 759 959 546 100 355 56 85 620 27 156 38 384 271 699 652 49 22 878 67 539 499 769 786 501 
494 959 134 144 107 521 644 483 156 204 469 56 297 766 782 300 430 742 383 869 495 343 89 123 239 75 754 939 592 723 893 28 975 196 665 61 287 315 818 784 116 488 375 210 632 781 161 169 858 591 826 969 702 12 781 779 164 865 228 930 411 564 546 316 787 535 755 973 
373 46 652 344 707 114 192 680 238 988 463 12 401 208 672 663 634 467 198 157 537 404 643 18 363 224 996 244 912 44 141 577 65 289 237 215 484 410 68 87 306 303 475 721 427 860 766 722 393 852 571 818 670 700 71 601 665 601 131 432 650 887 708 195 515 177 362 231 
983 357 334 253 73 51 505 868 93 388 151 538 282 814 289 33 314 645 218 146 892 92 261 495 622 135 94 402 417 102 884 409 643 413 911 736 889 331 289 777 200 143 608 428 742 610 750 475 965 822 308 343 764 695 378 148 308 225 467 317 95 405 791 191 890 706 192 188 
56 47 225 662 956 803 262 734 636 129 371 282 505 983 927 199 722 641 161 360 352 317 660 34 175 949 994 383 698 640 588 995 571 676 892 258 898 228 490 416 161 804 224 414 865 457 449 877 950 164 748 120 622 259 91 181 954 798 469 597 66 114 49 411 348 40 877 52 
109 191 218 232 58 586 108 527 396 325 290 791 588 361 651 566 731 774 33 311 82 277 353 460 895 142 584 324 515 349 199 327 152 887 371 459 127 529 390 649 227 890 893 314 121 796 9 947 708 39 122 398 589 691 698 620 634 285 694 109 554 597 444 858 503 932 607 230 
103 417 183 38 188 464 789 843 112 847 557 779 887 137 946 937 212 581 353 994 247 911 148 25 744 28 294 832 214 90 487 423 400 936 22 705 513 225 794 104 981 195 922 304 719 66 85 150 491 463 861 619 432 939 594 698 872 556 358 981 893 966 524 468 837 912 342 294 
492 384 512 526 423 150 799 224 728 548 686 726 12 326 778 556 888 545 850 581 990 485 373 878 580 397 276 346 560 829 30 685 928 715 381 376 237 717 527 641 16 390 412 652 431 306 310 390 810 450 417 299 458 743 28 524 705 581 2 882 924 952 337 526 813 291 217 377 
176 734 363 523 261 158 969 860 748 42 347 87 628 581 819 336 559 117 364 993 594 205 73 405 241 260 857 465 35 970 704 725 630 110 561 433 23 402 464 833 5 786 485 517 132 49 212 409 446 537 955 445 28 378 173 539 22 236 396 25 847 623 992 758 689 840 941 99 
225 51 567 73 637 278 878 454 552 773 781 734 409 79 455 425 74 773 643 116 820 813 843 304 782 294 992 562 580 254 581 291 432 87 744 543 437 120 4 914 705 829 900 465 245 980 273 109 708 289 182 278 158 863 216 225 523 744 377 470 6 827 270 332 382 459 604 458 
611 655 191 401 991 249 575 596 80 227 693 729 446 330 121 259 431 262 240 371 635 24 927 198 811 226 776 986 444 538 493 261 785 950 939 322 539 230 27 826 426 817 9 630 530 359 488 151 838 565 277 888 179 366 961 941 23 663 523 640 669 288 197 388 545 413 836 395 
153 464 517 47 149 484 507 387 373 737 117 881 839 609 792 338 54 623 50 486 571 730 179 591 127 572 865 939 953 922 55 442 47 293 554 688 186 121 985 743 378 324 9 81 320 91 804 554 263 797 902 436 3 120 552 883 740 304 214 67 394 61 992 399 128 832 441 768 
652 828 640 439 109 186 912 989 563 694 170 149 294 381 524 4 482 789 824 941 660 559 399 116 705 908 196 671 341 845 197 147 974 763 138 622 453 766 641 723 321 985 531 890 187 5 417 850 668 761 468 170 805 809 882 239 290 314 178 712 290 961 476 285 149 849 707 567 
741 828 885 298 375 194 851 178 208 49 89 472 888 320 119 426 633 962 793 201 410 354 446 29 895 902 211 79 356 223 566 7 479 261 817 946 369 921 489 548 823 92 340 872 630 181 523 60 39 198 906 92 678 879 794 412 337 915 39 516 643 585 838 183 263 366 802 251 
537 106 265 630 371 229 755 204 918 342 599 689 370 496 803 32 297 434 593 971 483 609 504 320 692 660 985 652 545 239 494 637 47 847 442 923 884 2 305 140 211 331 571 699 867 289 301 948 708 795 926 249 199 634 873 567 148 103 735 960 385 72 30 505 36 35 811 955 
688 144 714 815 590 617 481 281 805 559 58 972 607 59 214 99 311 493 287 402 406 750 6 589 945 394 128 978 59 344 18 293 800 990 933 63 628 572 622 935 688 434 184 451 291 618 314 13 896 326 407 598 644 908 25 684 16 334 978 119 37 397 286 200 995 152 160 385 
289 718 232 333 420 952 560 547 813 613 57 514 447 798 450 490 419 825 303 258 981 906 312 886 980 544 796 524 472 29 840 195 572 764 355 917 909 377 755 934 227 224 490 692 327 557 346 396 245 943 759 195 476 829 318 576 193 524 846 469 971 614 844 743 724 590 533 37 
843 192 525 44 226 547 803 685 665 552 933 475 587 497 546 125 562 686 441 52 729 531 299 191 398 224 695 714 26 175 988 460 282 602 722 167 76 263 101 978 229 5 64 489 119 780 205 259 348 242 611 314 280 579 317 550 207 77 263 535 302 272 582 331 530 327 114 362 
736 937 401 768 291 520 613 184 216 898 483 47 992 867 14 392 763 610 558 189 230 434 71 653 11 579 978 858 358 799 60 165 882 766 822 63 537 872 696 33 503 769 960 886 57 61 973 970 97 526 872 373 746 289 452 412 521 752 826 754 490 503 754 724 205 437 673 438 
208 912 951 657 130 129 290 997 33 583 409 190 617 677 777 208 830 884 924 224 134 178 519 836 952 6 866 862 829 382 34 269 324 397 600 702 808 311 631 118 982 600 791 771 537 672 702 587 795 190 502 93 467 147 211 669 741 14 19 935 767 123 410 626 427 919 241 796 
193 88 33 110 63 367 277 973 685 131 249 290 997 62 578 295 907 350 509 339 615 598 583 637 46 160 633 494 114 685 452 106 431 84 353 252 143 232 217 365 317 228 296 728 775 480 318 773 919 139 779 520 332 666 908 929 226 287 168 360 546 709 272 656 405 760 526 428 
402 988 782 751 236 1 629 910 115 578 828 737 802 916 244 691 275 684 409 408 718 198 89 533 924 565 759 476 553 566 775 321 710 801 628 532 694 543 892 534 614 351 905 955 657 93 412 788 239 488 713 658 469 258 616 677 931 566 151 227 531 232 115 414 338 682 723 349 
568 628 798 272 291 262 870 295 185 569 608 992 200 8 362 592 869 219 535 97 365 144 91 281 863 36 385 812 237 22 116 272 31 277 459 340 40 605 168 315 542 219 631 254 876 532 288 340 675 681 81 551 307 800 279 768 861 766 447 66 518 731 841 434 317 361 913 643 
887 306 215 267 116 228 470 413 119 367 165 872 878 985 939 169 451 948 869 547 803 20 638 569 885 618 874 956 255 836 997 130 377 750 727 68 588 109 689 874 938 604 662 683 890 251 43 849 129 758 829 359 819 371 695 763 634 99 533 156 560 828 638 137 493 150 985 335 
874 129 399 911 576 709 450 96 277 114 275 595 597 679 303 278 834 486 815 114 565 467 498 382 704 27 965 236 368 665 825 353 748 360 102 931 519 989 816 357 490 240 158 467 779 275 876 905 49 50 9 890 887 638 182 286 814 542 907 328 949 174 910 356 623 51 853 788 
969 437 287 297 403 676 30 402 275 664 330 488 744 740 370 17 782 117 752 792 816 696 424 142 630 947 708 638 782 727 823 725 251 313 220 300 712 872 589 185 713 334 147 876 114 178 836 914 603 500 778 190 774 239 663 412 299 756 413 362 866 522 586 539 544 135 198 100 
150 994 923 58 201 587 259 105 377 400 418 284 210 600 388 57 763 438 109 868 596 695 898 235 20 827 764 322 459 600 785 528 85 392 515 44 745 287 400 890 55 689 736 816 346 186 611 90 151 807 357 765 424 547 839 236 846 421 278 49 338 376 660 129 375 607 64 306 
950 544 50 106 639 851 204 143 836 767 837 592 663 283 851 951 824 607 835 464 585 330 588 415 284 328 205 886 116 554 401 562 893 110 542 236 561 561 933 11 872 831 847 468 138 964 108 749 715 899 802 63 884 827 587 378 113 709 927 747 102 219 623 745 828 799 845 636 
980 543 875 517 241 543 384 71 392 743 198 285 551 790 833 732 9 384 153 765 453 203 988 223 555 90 120 8 661 451 494 940 953 519 168 340 141 322 544 952 495 193 583 305 738 868 204 245 367 336 783 846 511 42 320 337 488 633 692 639 392 455 656 895 6 329 514 552 
650 949 718 406 523 991 202 30 985 68 377 782 374 412 883 897 626 526 677 314 177 201 123 260 565 298 746 87 435 270 785 843 846 92 567 948 17 785 591 621 63 308 195 796 80 865 683 767 263 394 772 754 655 96 103 907 439 940 65 585 932 269 20 728 910 990 393 202 
566 275 460 829 943 713 294 118 533 745 551 522 166 227 739 805 596 140 557 565 394 929 916 676 317 784 108 765 230 631 712 740 626 67 61 882 523 828 540 1000 889 303 762 630 427 125 457 318 391 397 571 368 829 830 821 89 901 350 27 382 777 843 367 463 362 67 777 640 
440 71 169 996 158 683 59 95 67 395 406 218 765 957 881 784 901 911 525 739 140 310 121 210 201 743 354 227 593 160 80 645 618 106 388 172 113 965 551 937 310 91 929 293 603 663 583 617 311 816 433 947 527 507 126 986 501 80 40 24 199 60 519 130 606 818 12 300 
740 307 107 498 403 974 208 209 868 634 755 844 335 546 494 426 27 863 961 509 948 181 559 644 891 281 426 533 348 865 828 900 111 397 915 32 87 994 60 554 861 509 547 544 794 346 20 865 5 103 115 558 260 401 462 570 440 425 956 393 353 52 472 990 201 430 581 215 
981 505 11 742 87 519 169 387 77 212 408 508 158 879 346 806 949 146 559 680 726 427 75 551 757 666 306 517 161 508 236 740 929 175 625 168 634 996 39 579 523 827 660 393 577 193 295 43 758 135 840 86 873 630 155 400 353 644 597 641 374 320 802 469 509 361 952 617 
516 605 160 995 277 5 200 32 623 429 583 151 607 230 539 967 289 728 994 975 752 32 992 277 500 368 442 342 329 685 159 185 636 784 809 347 572 796 185 446 513 223 531 833 120 412 469 107 298 865 657 247 682 530 292 402 282 940 426 58 797 457 451 546 114 4 439 230 
854 541 705 552 962 431 585 285 111 920 580 330 714 931 126 857 290 535 721 762 216 392 635 388 229 255 204 478 193 441 613 314 163 7 947 642 148 515 771 921 913 700 432 895 803 430 678 871 906 59 248 185 203 882 538 416 716 1000 301 6 225 16 816 111 922 672 266 354 
279 428 913 106 832 467 658 764 461 95 184 281 688 827 455 794 236 539 606 414 302 191 946 685 151 703 911 543 178 699 400 176 155 901 798 270 788 35 824 47 806 904 687 868 59 911 529 218 288 152 767 153 906 73 868 517 803 293 396 561 9 496 680 591 691 201 427 227 

