47 74
996 221 374 962 623 978 712 149 734 319 16 169 561 887 647 972 733 999 840 416 360 82 135 505 880 389 109 443 57 347 99 216 719 578 957 764 952 395 86 654 942 968 908 374 684 332 328 579 880 305 568 717 507 833 149 548 85 277 659 833 263 113 355 499 941 123 357 196 85 419 875 620 19 990 
92 811 837 755 553 706 414 598 428 788 992 574 202 460 190 457 334 725 185 269 504 398 640 124 347 329 546 37 572 316 825 369 156 334 950 72 537 116 420 958 663 131 341 511 57 739 401 285 460 987 979 139 997 151 253 126 524 597 850 352 970 516 991 487 854 356 588 711 70 32 878 323 783 988 
817 347 156 117 825 968 127 701 550 957 707 606 488 277 464 266 298 978 633 755 824 537 870 832 5 302 941 166 334 82 355 974 678 279 359 9 843 738 286 161 546 281 313 677 768 6 299 811 951 920 382 209 331 625 489 64 724 396 562 369 281 227 637 669 493 588 330 911 666 835 775 228 723 310 
975 291 208 659 870 114 76 510 210 764 448 325 486 200 255 654 47 51 888 858 508 354 716 265 95 967 699 591 403 349 724 245 215 330 517 732 117 43 565 36 130 779 762 306 284 261 829 921 703 515 42 480 426 419 173 633 574 484 429 982 579 163 217 372 22 452 796 836 560 324 161 313 631 296 
841 295 486 32 60 381 447 863 673 632 134 971 811 347 56 174 786 78 129 495 122 368 145 738 622 56 493 554 453 858 370 779 398 163 65 482 815 118 525 128 687 711 804 257 815 166 219 498 637 267 335 443 276 829 368 376 446 229 851 318 873 473 448 301 114 356 909 822 341 27 548 149 238 552 
837 863 810 556 242 145 509 614 742 331 393 518 477 93 336 759 876 83 299 993 141 284 982 200 721 326 873 626 713 349 669 185 790 132 748 438 840 362 629 758 6 213 256 442 496 62 277 19 409 782 755 977 8 260 207 675 352 106 880 762 48 307 958 897 959 123 625 205 535 444 935 282 316 33 
100 192 126 984 821 447 403 131 497 480 1 757 189 938 949 35 29 777 743 892 230 599 912 176 331 471 358 884 1000 596 673 736 573 218 214 935 176 49 734 795 126 478 853 620 825 694 799 41 880 264 439 890 992 685 385 625 432 734 302 161 533 921 278 770 593 140 397 737 621 348 546 15 876 305 
855 812 600 88 352 580 840 524 573 496 232 138 722 582 676 565 492 944 561 434 891 431 609 593 514 238 63 890 707 647 62 327 59 501 269 139 514 616 903 286 263 361 340 311 851 405 360 656 677 404 96 175 312 239 810 482 151 612 784 940 132 925 710 968 292 527 923 231 332 533 243 124 698 649 
550 417 662 232 923 608 512 831 277 14 763 711 584 948 918 659 521 52 128 484 772 195 819 284 282 353 522 536 23 786 582 305 362 865 508 64 994 388 846 796 848 994 898 581 809 959 415 44 721 996 912 255 389 347 12 858 222 432 588 856 160 313 432 715 173 172 288 477 711 149 363 371 798 240 
810 750 662 894 215 825 481 769 166 69 153 953 540 832 7 817 197 905 902 992 936 258 308 938 793 502 976 460 499 633 570 84 364 516 473 844 969 518 459 397 566 115 934 644 59 944 566 65 269 696 144 264 206 347 416 924 574 193 37 527 888 46 496 32 185 515 445 789 862 304 363 670 147 349 
15 565 966 110 913 434 740 698 446 491 359 340 124 580 156 313 955 897 638 193 416 591 165 747 248 665 179 24 810 288 833 634 961 192 576 140 931 417 244 454 552 808 610 415 836 625 407 607 155 303 150 137 796 625 219 217 146 427 184 62 895 51 426 447 964 77 532 686 185 539 629 573 702 401 
620 313 319 544 371 523 280 212 718 984 404 443 161 192 978 118 441 78 546 320 52 404 757 828 425 661 985 625 565 241 947 7 61 424 410 605 521 662 332 852 435 918 218 53 555 521 468 381 345 313 509 916 276 775 168 270 617 580 857 189 93 707 938 450 201 34 348 99 866 782 734 521 213 316 
764 738 771 472 490 212 822 270 106 801 492 177 567 780 462 811 875 214 645 382 153 133 219 456 599 903 400 485 124 893 617 576 168 821 533 914 948 985 143 166 532 764 633 731 515 878 554 977 671 725 30 731 526 309 808 89 71 649 340 242 718 922 16 121 813 13 863 99 873 855 517 459 140 629 
317 796 233 86 715 245 192 259 322 389 55 663 866 713 926 996 266 642 45 672 907 648 329 619 157 830 819 633 278 502 855 751 187 835 588 305 495 954 862 934 60 977 940 719 883 704 984 571 166 693 301 83 420 852 80 90 39 575 393 57 149 657 632 729 189 425 12 584 899 591 475 891 360 647 
184 226 88 100 774 362 162 364 688 282 834 501 439 228 601 921 134 459 782 287 626 763 345 536 625 332 891 497 507 342 25 920 859 909 251 787 251 963 674 669 952 165 135 441 428 318 683 779 78 462 818 375 288 443 304 312 794 722 166 785 597 53 880 62 571 679 609 316 921 185 782 67 658 669 
332 896 803 46 392 801 475 31 81 287 69 839 277 263 498 420 117 228 618 910 816 248 142 416 193 636 943 447 401 3 2 421 245 120 733 571 825 30 364 693 676 90 90 852 603 395 755 183 735 973 967 172 587 566 120 226 340 302 634 215 109 116 118 377 697 871 784 64 976 818 432 198 38 969 
957 975 13 33 653 594 770 806 15 858 665 604 445 63 378 380 350 965 743 992 779 594 802 13 444 697 96 821 151 674 364 397 491 686 762 310 702 934 805 68 230 294 767 297 610 214 531 700 466 171 799 880 797 962 766 529 694 997 907 249 254 697 507 364 609 875 278 335 153 294 95 718 126 591 
458 513 192 576 439 624 187 458 29 258 597 824 224 71 160 967 270 906 600 665 635 51 567 224 408 508 487 511 211 790 903 698 362 559 650 789 317 647 298 921 145 930 414 609 242 856 285 396 946 505 569 230 704 476 319 972 38 921 448 458 198 641 238 727 101 8 808 636 932 101 882 297 792 262 
708 479 224 930 784 583 57 2 892 929 658 943 435 842 532 309 220 865 670 497 998 539 106 13 484 632 64 149 67 251 726 849 477 268 278 858 74 378 316 868 99 923 429 237 611 131 708 625 219 260 256 283 269 721 978 927 774 386 63 198 816 923 486 321 96 314 944 479 799 431 725 944 672 197 
961 406 874 286 317 818 587 543 96 34 145 363 209 532 639 545 907 2 112 238 774 405 684 461 121 148 98 395 304 701 398 182 925 732 205 489 277 339 721 429 96 801 160 259 69 480 133 884 157 618 852 182 515 792 256 727 481 238 857 782 47 907 823 976 102 984 169 138 332 822 971 467 479 482 
963 859 238 822 124 329 732 865 31 630 99 143 831 388 250 599 126 588 751 965 692 77 408 896 437 292 137 291 382 240 759 733 962 459 115 492 678 438 418 797 323 44 855 451 553 336 377 25 274 112 867 842 773 350 852 366 168 70 563 935 390 474 106 980 409 20 457 984 889 231 338 499 474 923 
58 109 403 129 486 979 476 583 306 367 133 472 368 852 882 260 777 529 196 240 737 783 965 618 150 883 933 851 802 166 979 561 214 272 153 237 772 974 983 432 32 170 514 116 620 749 86 357 235 505 294 60 810 880 802 818 653 283 999 213 458 329 933 556 554 937 279 763 226 85 909 973 899 530 
708 253 935 828 630 326 528 488 867 172 951 735 194 480 446 356 514 117 99 427 959 807 413 165 513 651 630 95 286 8 500 42 309 953 8 264 68 452 179 162 835 616 135 527 908 381 86 93 139 505 45 264 209 738 626 309 596 85 183 912 388 994 680 479 596 872 84 607 259 680 8 131 348 638 
538 998 802 723 980 47 16 831 145 390 351 274 442 330 537 245 210 348 233 434 136 237 474 314 142 495 979 556 4 981 843 628 801 440 408 696 519 800 836 599 583 908 539 691 562 594 800 830 264 436 240 572 622 811 237 745 863 604 620 597 522 219 281 179 839 826 886 770 547 921 175 910 577 781 
747 529 747 280 905 89 898 742 30 793 800 59 366 590 752 14 474 344 909 32 392 649 958 975 178 853 944 269 190 34 476 452 335 594 641 989 803 372 475 946 953 149 962 342 1000 581 990 134 166 668 280 2 456 45 955 714 685 176 94 207 881 866 942 6 219 879 571 704 205 669 639 217 209 735 
872 860 315 543 929 473 820 369 676 987 463 127 327 717 176 261 318 284 725 881 155 147 380 291 321 642 630 881 231 299 292 789 649 32 682 770 389 829 253 349 887 860 966 324 324 657 914 83 481 317 985 896 449 761 110 917 352 751 529 874 812 916 928 724 729 305 397 616 973 608 595 612 167 516 
376 795 751 921 363 525 511 505 645 581 826 844 758 857 615 789 838 633 677 159 833 926 183 196 617 931 324 859 449 93 986 711 451 929 532 482 92 143 14 401 748 272 86 976 861 578 135 232 199 971 254 395 644 166 329 711 668 65 904 17 676 495 675 970 224 95 731 475 938 214 482 770 942 659 
1 799 986 732 665 292 118 615 929 668 283 925 338 874 927 923 135 77 208 444 210 145 815 661 370 453 118 676 230 839 773 386 109 533 403 593 379 420 572 172 880 846 295 44 641 257 725 886 669 349 317 16 84 964 330 649 286 444 454 421 469 411 431 119 700 976 743 507 393 443 342 954 17 10 
204 427 67 397 693 991 84 205 365 425 945 801 601 299 566 856 783 10 83 80 986 881 620 633 897 779 259 871 290 885 782 713 981 238 805 960 342 389 167 714 83 988 431 97 592 840 646 900 818 341 76 723 491 457 472 356 464 842 28 371 744 116 54 382 297 971 891 926 188 423 51 288 625 442 
193 278 969 81 384 872 915 909 307 830 166 821 95 621 707 602 63 420 555 656 973 988 6 50 498 921 656 222 57 827 735 951 672 82 498 609 745 574 935 776 427 170 5 191 69 496 571 140 931 281 331 150 448 125 146 462 398 995 682 149 731 529 907 19 392 739 236 234 489 2 784 597 808 232 
688 503 570 218 191 974 115 892 225 411 894 490 53 842 794 893 769 157 296 35 773 467 403 479 108 378 540 11 414 916 88 257 480 939 666 571 406 435 352 220 16 827 293 258 755 410 233 842 765 589 827 256 205 114 777 351 914 871 777 471 569 688 589 234 195 99 176 222 403 955 539 697 894 252 
408 710 364 141 501 467 261 797 495 416 437 812 135 31 516 97 7 472 624 694 845 87 127 139 519 105 456 677 964 236 697 899 143 952 791 42 537 984 685 417 210 918 74 525 260 868 194 541 951 988 566 857 893 60 334 646 832 950 533 84 62 534 616 595 739 468 131 634 463 880 45 652 830 779 
713 152 50 262 553 663 862 829 575 144 42 453 970 468 397 580 19 703 100 590 996 191 349 693 469 314 988 98 843 238 120 508 496 238 111 202 759 466 145 777 835 63 203 243 99 705 884 276 400 938 755 285 181 537 575 468 7 826 827 366 898 579 12 980 762 383 114 878 480 95 923 866 615 736 
511 618 712 800 435 968 537 19 606 613 193 157 270 502 851 50 962 687 863 883 102 899 483 489 946 713 19 155 79 614 937 200 202 829 730 271 106 550 612 712 535 61 666 667 255 253 580 553 859 274 741 163 760 876 776 526 606 16 78 194 952 456 439 14 708 656 952 203 596 894 246 826 18 539 
74 459 76 211 754 637 654 705 126 601 622 953 71 402 298 948 420 193 776 930 586 198 251 521 545 518 85 16 483 908 460 813 151 370 138 956 107 513 347 62 810 187 731 878 522 455 215 443 388 964 794 241 601 951 710 374 810 737 466 683 286 189 378 544 214 557 507 46 363 364 328 301 512 179 
389 404 735 366 790 168 252 140 465 460 836 238 209 680 325 433 302 631 57 512 954 69 340 146 173 438 915 212 571 117 997 485 144 301 274 910 249 365 845 78 849 901 721 260 34 677 45 344 431 119 880 369 508 165 905 364 64 272 868 317 411 771 673 397 130 105 430 576 844 890 315 344 321 710 
159 235 714 926 963 293 429 406 383 286 704 537 481 955 190 703 396 224 35 327 867 783 380 512 504 578 845 505 676 57 968 915 999 208 251 662 908 205 845 600 457 552 531 356 104 784 570 327 115 869 765 195 678 539 985 914 32 72 503 515 977 604 802 248 839 674 943 956 31 896 873 59 647 742 
836 938 398 779 624 300 137 950 134 757 649 285 290 345 100 397 182 247 878 760 618 564 279 30 529 782 806 140 444 486 585 642 655 206 649 399 813 823 512 571 496 180 207 897 105 643 631 823 967 597 621 223 253 957 472 968 554 443 253 406 786 848 84 164 31 919 73 707 787 949 702 70 655 140 
335 741 106 654 19 90 661 644 597 161 191 78 724 627 241 201 206 293 502 253 612 753 592 41 333 921 338 167 70 982 445 740 53 751 468 452 88 135 912 463 481 218 509 778 522 131 823 72 907 760 459 99 540 862 39 66 862 349 57 254 738 822 666 708 218 874 130 638 145 721 266 834 918 120 
3 623 603 429 653 266 381 230 725 283 121 394 425 330 732 326 753 907 33 872 138 47 859 581 358 826 164 696 210 70 682 65 973 270 284 489 231 947 146 209 997 515 771 975 818 694 483 714 569 101 808 17 358 445 236 357 844 337 810 211 667 346 820 42 223 683 344 1 414 886 864 613 990 590 
693 110 925 875 205 959 161 211 111 239 822 953 308 790 269 203 52 979 399 166 983 466 520 553 986 820 752 655 155 70 380 71 973 888 174 631 633 362 983 444 206 534 418 763 527 989 271 912 360 300 505 246 102 964 914 293 239 348 420 348 418 292 806 477 832 75 636 668 966 451 987 276 958 538 
658 615 479 349 133 87 3 476 617 552 685 185 578 492 860 776 173 451 965 22 428 555 827 720 723 122 57 386 910 224 879 74 762 242 676 515 747 835 778 177 980 164 461 278 356 784 560 954 289 386 232 280 349 536 337 982 648 247 371 95 875 764 733 358 927 762 268 4 811 565 14 445 146 123 
682 78 485 286 88 11 19 760 44 182 287 242 766 900 51 811 228 21 396 276 870 244 862 160 746 65 452 807 191 97 403 931 556 449 108 848 219 443 552 761 435 116 625 163 799 965 183 769 367 771 51 402 913 456 385 915 449 931 499 143 989 149 27 179 569 559 392 326 984 493 974 61 399 494 
686 278 918 177 892 916 540 652 88 202 356 158 98 351 793 876 643 761 748 734 375 914 840 13 333 145 23 341 851 197 857 586 955 757 916 347 626 268 635 604 569 910 153 849 976 445 792 746 157 667 752 768 577 869 74 29 339 448 807 50 48 280 392 928 111 524 295 177 377 875 613 397 109 997 
649 50 844 994 177 90 554 742 732 9 397 86 602 189 410 794 345 364 89 173 477 164 27 713 507 266 978 358 784 128 301 146 389 317 519 426 911 390 789 187 977 11 593 110 251 243 138 834 96 151 471 852 738 118 458 790 34 825 658 343 465 371 438 657 686 258 600 391 645 543 475 113 222 813 
863 859 970 61 854 222 970 335 948 536 860 210 648 868 170 118 775 983 756 324 916 122 433 293 237 464 323 451 970 468 69 562 730 599 159 973 417 983 68 454 540 90 496 351 118 212 641 492 987 815 357 772 523 622 964 156 609 235 455 67 689 25 668 632 862 485 922 323 853 40 606 569 638 725 
86 608 257 895 887 204 587 72 484 881 332 662 147 181 568 402 591 329 506 852 58 796 332 119 741 488 261 381 97 439 438 773 750 7 252 263 815 696 330 811 879 384 91 19 425 48 34 188 10 801 107 896 915 563 72 312 889 926 230 297 293 532 996 19 411 841 235 84 379 192 807 725 240 963 

