100 100
813 898 650 416 272 868 699 333 223 45 145 369 99 898 214 680 217 197 504 732 380 513 399 731 523 255 305 872 144 524 579 364 652 132 282 214 427 344 792 230 395 395 872 122 503 607 479 430 307 249 593 329 274 739 921 69 331 436 1000 964 510 968 911 858 583 115 119 230 871 256 174 170 297 356 501 882 520 854 884 769 254 320 168 4 867 887 336 915 449 525 123 528 987 837 514 648 985 507 925 575 
495 402 381 712 92 5 135 457 70 391 283 128 967 570 8 118 903 585 336 615 372 82 563 490 63 449 11 711 592 789 944 250 148 717 108 535 447 177 931 788 817 174 842 494 592 225 210 884 307 874 42 466 622 740 403 595 989 70 442 886 123 796 296 269 786 169 571 317 938 159 91 725 719 699 905 659 166 344 480 211 452 503 678 82 812 5 822 280 553 226 172 224 752 217 111 471 445 757 303 604 
442 691 783 453 400 792 591 955 950 616 955 526 95 105 966 204 902 216 201 34 806 627 336 780 514 848 339 305 346 938 838 353 595 484 604 766 868 7 361 826 601 285 735 711 696 977 535 77 647 991 895 950 416 705 199 112 79 657 233 207 430 158 637 7 769 698 254 574 156 608 59 761 147 358 729 443 399 410 237 933 277 278 939 133 804 691 1 879 729 784 92 650 504 186 135 250 884 617 831 635 
582 929 903 582 580 499 314 948 226 260 471 587 47 903 352 184 596 317 69 80 47 112 808 707 220 275 730 455 702 992 655 848 412 519 931 962 625 715 767 751 901 544 554 117 818 899 522 59 809 826 844 195 203 631 66 643 650 899 896 962 78 230 409 627 896 300 478 342 25 594 399 814 607 919 214 418 72 519 498 435 667 95 673 816 185 857 797 409 334 634 191 744 652 236 481 720 742 223 633 557 
740 56 480 687 77 358 957 282 248 169 940 225 915 773 60 774 485 423 782 732 368 301 986 781 959 92 992 327 742 134 27 447 937 673 813 650 62 931 538 982 704 448 636 341 601 601 61 54 709 439 519 95 510 480 815 647 265 298 600 244 513 386 820 753 25 720 431 866 785 17 504 562 91 814 255 84 817 396 840 45 571 873 27 85 302 894 344 329 558 584 644 617 860 274 39 878 293 898 242 341 
513 351 907 578 549 848 922 574 55 179 723 949 618 583 399 228 14 486 686 511 117 462 69 30 24 24 347 214 777 830 347 501 850 587 728 783 529 777 746 327 758 872 872 570 201 140 615 218 547 860 400 527 297 486 326 769 269 285 927 511 604 395 436 747 563 219 358 824 453 543 197 2 853 975 935 867 433 431 803 194 202 629 437 814 482 960 748 873 41 426 672 235 806 812 961 290 365 465 130 755 
376 55 851 735 390 866 991 298 780 750 612 239 78 551 507 349 453 839 485 537 448 563 727 269 135 542 317 805 767 413 727 665 265 333 303 529 905 648 762 480 625 669 926 590 764 38 985 484 934 302 994 933 975 381 509 646 408 642 73 770 333 574 486 562 193 493 807 166 77 272 862 626 81 162 904 486 600 821 302 435 583 627 243 101 32 324 271 929 45 265 978 505 898 120 434 494 522 517 294 524 
637 604 498 138 945 759 146 380 902 555 881 388 835 158 63 597 971 614 192 45 162 311 747 150 507 337 393 600 389 2 643 168 742 429 841 373 323 701 97 145 701 957 207 424 591 101 136 75 647 980 743 418 633 592 981 477 45 795 224 555 611 674 759 619 680 665 484 350 578 535 132 973 618 104 554 646 703 320 295 167 110 633 296 443 976 706 407 456 995 152 536 288 479 638 104 812 903 190 702 620 
528 361 553 820 315 409 123 877 26 829 773 865 905 438 730 437 267 587 736 437 497 104 244 484 393 720 762 278 635 117 880 388 993 893 718 461 244 55 695 112 446 617 488 11 61 768 782 769 131 953 648 67 220 16 279 669 109 753 187 529 452 129 786 780 234 472 851 370 346 797 39 715 618 994 518 358 553 713 873 211 376 305 260 538 816 110 286 211 798 838 736 503 114 237 57 450 977 872 556 506 
83 529 241 640 85 558 42 587 479 121 667 148 203 938 10 133 973 147 927 385 868 757 827 127 357 361 671 30 404 575 157 182 574 502 968 820 717 381 407 316 504 147 195 751 820 291 301 510 809 527 360 484 407 353 165 911 703 790 607 999 297 618 589 222 918 233 274 286 229 495 289 254 88 344 312 771 835 955 676 47 521 84 692 436 103 48 242 906 623 22 219 769 9 846 768 926 971 458 959 519 
824 443 589 179 28 763 557 419 559 105 576 979 42 444 582 934 381 505 563 838 915 382 251 583 899 127 766 92 994 777 894 903 133 470 357 335 423 308 326 880 934 919 871 730 300 1000 685 987 965 812 468 371 867 915 457 459 380 739 319 675 900 939 651 649 956 685 914 831 376 487 537 241 642 431 665 230 120 392 271 901 676 297 993 797 233 532 311 784 565 258 984 45 670 692 502 120 936 523 750 774 
106 624 959 904 164 721 73 776 439 968 715 691 530 322 176 333 181 136 125 367 851 873 114 419 496 405 401 719 927 168 383 831 683 896 694 339 6 244 274 784 946 315 273 395 210 689 479 268 3 886 50 698 237 738 137 225 659 878 143 70 587 407 123 306 440 795 580 446 681 301 971 168 302 992 839 285 312 56 729 796 412 636 538 936 533 97 686 94 592 474 46 733 661 462 81 350 957 69 111 764 
521 916 101 160 144 754 502 732 327 519 197 577 429 464 790 293 157 177 144 108 6 729 285 9 480 862 566 504 660 119 478 332 646 917 553 96 193 41 893 959 462 43 346 966 656 179 773 533 526 260 6 55 252 813 555 421 801 456 139 123 842 3 830 66 628 553 127 265 22 660 36 59 790 167 65 832 964 780 344 678 735 25 223 299 179 903 565 311 525 490 410 55 484 810 12 391 119 970 698 414 
899 593 410 877 824 519 524 902 738 349 409 713 918 251 900 212 192 623 249 123 669 512 391 286 42 815 56 673 485 224 126 256 393 163 842 844 634 730 742 651 91 499 92 709 710 309 427 611 858 1 636 722 918 813 310 94 74 893 266 128 820 21 580 403 992 999 165 759 331 129 700 984 908 369 976 934 191 377 412 726 353 619 187 85 799 424 994 34 983 303 120 626 14 532 361 847 243 987 857 994 
31 986 822 55 440 272 654 890 552 347 323 801 293 898 528 394 45 328 46 501 485 579 716 895 463 271 863 733 636 96 953 653 576 978 43 498 85 957 886 345 876 700 338 847 164 227 753 580 782 619 166 895 693 590 375 788 525 522 828 196 675 761 602 756 845 604 690 404 917 435 506 480 66 997 781 462 680 543 316 16 385 638 87 14 182 799 185 824 865 631 435 188 199 787 147 17 164 321 510 315 
260 972 177 712 150 546 684 773 425 849 294 237 524 295 951 956 381 582 994 696 928 364 71 623 685 289 202 358 456 847 468 411 910 577 532 831 274 772 257 711 577 158 95 276 545 333 734 854 831 104 226 661 385 116 509 625 921 567 144 357 432 403 836 887 47 301 459 12 356 874 56 299 486 377 842 361 184 622 936 81 809 850 701 639 584 706 859 684 968 611 68 396 574 487 200 803 35 24 804 851 
830 277 806 831 637 691 830 53 391 566 787 291 352 143 167 353 350 473 43 31 855 912 462 71 448 822 988 451 278 773 687 543 223 689 577 816 361 649 769 459 286 803 479 818 691 837 588 636 418 134 857 181 858 658 183 438 403 52 628 716 271 289 920 59 373 406 663 288 245 999 668 710 694 111 578 11 193 31 361 511 222 765 82 82 298 437 827 179 166 922 124 890 604 830 674 446 826 546 330 281 
588 276 357 788 777 826 714 106 682 38 733 174 468 956 448 640 769 520 228 905 412 722 420 911 494 258 491 649 721 72 114 543 741 894 161 249 672 195 149 285 632 739 954 591 857 486 704 798 902 425 314 266 565 969 389 352 992 476 189 223 706 88 466 619 973 198 501 104 273 880 514 129 224 283 545 968 103 666 580 252 449 731 239 969 35 10 690 927 924 492 642 234 694 719 944 140 530 292 204 923 
195 612 365 549 873 264 39 906 871 785 356 280 896 51 917 932 719 903 38 258 59 240 761 391 199 620 704 361 831 647 760 944 955 418 585 712 510 12 268 120 118 418 856 104 62 208 63 700 964 117 729 231 294 22 580 499 143 438 326 692 699 687 318 978 179 672 925 151 577 841 615 511 789 723 131 437 236 650 727 470 623 551 35 603 427 75 625 615 918 933 441 91 437 529 292 976 992 746 852 250 
467 980 5 794 664 737 759 522 640 15 943 352 772 12 137 793 988 521 44 441 518 558 55 72 224 945 421 744 30 396 392 107 725 124 489 633 336 316 240 204 297 312 711 28 553 937 449 659 481 394 458 372 251 948 58 721 826 214 614 126 838 202 646 142 704 468 843 286 574 472 251 281 572 949 69 466 63 499 291 348 698 378 439 459 434 415 45 484 571 46 359 291 501 292 52 143 473 116 251 742 
62 815 180 615 532 51 244 449 42 992 106 733 5 207 528 77 55 818 485 490 928 630 92 347 653 318 175 795 774 566 660 913 593 630 988 697 911 338 550 873 998 16 35 42 401 769 724 765 894 610 95 42 69 592 221 449 35 796 314 351 1 961 527 473 67 133 188 286 143 390 858 522 621 893 907 960 753 285 42 443 265 938 557 166 413 14 15 685 620 306 283 462 693 177 319 12 904 412 456 174 
914 710 794 27 392 310 565 171 267 446 581 831 860 212 258 904 786 696 490 4 477 386 731 101 962 268 133 801 549 647 529 809 67 435 330 805 278 338 397 932 412 83 556 820 494 619 461 837 984 413 535 671 901 69 346 380 565 626 979 181 117 958 36 63 901 553 919 245 590 188 719 541 891 354 83 592 571 269 826 582 744 482 555 551 698 551 260 559 900 185 269 323 64 74 118 783 95 270 674 21 
929 126 330 158 931 785 678 465 624 125 980 914 636 720 563 906 42 369 175 146 365 306 37 241 925 314 330 658 767 939 209 458 832 280 676 719 737 298 56 828 110 211 320 607 805 141 680 404 65 986 210 412 157 749 689 798 513 72 455 819 270 260 506 953 952 113 859 912 244 715 727 944 180 880 452 159 804 413 401 839 863 843 158 495 337 957 161 549 282 429 340 1 645 200 619 516 304 250 131 526 
330 954 398 507 271 640 103 629 513 50 675 297 917 258 441 318 785 2 903 872 274 30 480 755 835 347 301 99 153 448 488 803 403 288 137 603 818 911 465 678 613 81 265 717 756 511 986 12 346 775 958 99 131 9 873 631 164 142 237 377 358 35 153 291 858 295 601 957 407 706 84 485 667 274 315 463 190 840 305 602 364 350 322 508 956 211 874 961 53 422 615 614 370 337 254 516 561 325 266 28 
46 691 275 464 841 368 591 744 692 609 418 61 682 285 832 524 315 928 732 216 311 88 801 832 631 5 153 325 853 275 154 686 259 428 81 992 303 460 809 331 29 48 521 311 566 53 263 149 690 136 580 904 384 586 349 217 205 290 657 38 995 823 782 745 151 674 730 39 407 359 589 597 314 299 884 379 116 194 874 285 754 279 212 744 114 216 285 889 439 761 693 290 356 115 721 581 752 324 117 913 
293 147 628 114 737 870 112 106 54 133 907 967 40 660 785 74 299 805 64 544 710 377 231 106 918 834 746 930 156 798 285 600 922 852 396 18 916 307 415 768 750 391 210 106 683 595 460 378 236 418 781 359 105 563 594 483 964 618 561 699 229 109 269 893 392 414 627 25 591 349 733 250 307 758 930 636 776 740 314 727 390 804 717 586 18 144 601 944 88 188 672 251 110 616 31 26 952 504 899 442 
851 116 27 310 215 854 980 704 454 215 273 404 837 231 979 18 15 185 348 549 921 520 507 974 598 731 723 786 641 787 471 511 513 200 701 489 588 269 945 41 415 361 355 88 757 684 872 84 997 326 279 483 201 408 868 975 348 636 586 953 573 140 444 827 800 210 65 955 352 866 759 307 73 124 49 140 402 716 929 879 982 938 279 827 758 173 931 432 796 170 120 470 693 37 506 120 588 181 510 710 
702 649 110 758 777 975 849 489 938 659 51 809 601 883 558 278 999 260 963 85 309 623 959 369 617 290 339 120 800 45 304 906 620 277 948 630 647 148 902 234 946 496 455 872 194 807 438 399 152 782 447 488 233 253 141 237 704 92 288 246 573 794 424 833 264 965 987 529 825 493 527 273 961 421 237 804 617 517 452 192 505 175 764 550 544 787 622 962 569 45 878 353 832 634 42 536 343 285 690 701 
751 539 656 260 349 619 700 725 237 658 366 47 182 781 584 437 438 807 585 588 450 186 979 188 160 574 992 539 996 926 941 668 611 899 12 559 442 85 694 456 871 280 215 295 538 139 2 471 840 655 84 411 853 174 492 26 742 674 71 610 571 713 6 560 197 926 550 902 239 696 994 251 521 512 506 652 829 497 385 965 140 457 94 491 578 688 143 144 200 514 383 991 605 932 619 397 901 314 327 58 
125 100 684 566 133 589 702 136 740 281 869 872 994 441 208 443 479 383 302 828 816 706 838 45 508 951 245 133 559 287 300 291 873 644 116 526 729 212 477 874 537 284 329 664 623 730 999 550 970 592 760 740 547 128 306 272 538 303 301 745 579 721 760 818 952 182 231 596 146 201 783 281 567 677 991 373 740 124 586 826 952 207 778 94 684 456 981 508 596 449 128 528 317 645 934 391 5 873 392 443 
872 121 232 965 265 352 52 971 233 550 511 62 292 588 30 984 298 849 912 739 835 481 397 956 87 372 241 203 709 241 642 451 483 521 320 860 957 444 315 650 722 54 186 887 191 412 731 709 732 246 293 406 955 779 109 84 564 309 367 958 195 332 918 534 234 683 1 816 492 50 289 580 827 50 671 781 527 251 614 840 342 45 609 525 820 203 859 131 411 832 553 798 159 364 361 39 385 509 244 398 
892 771 553 487 183 979 494 328 880 8 572 669 833 461 534 89 843 615 906 511 93 698 141 41 630 118 777 48 633 612 881 686 321 911 654 158 755 37 281 908 829 855 809 24 138 281 798 353 893 247 307 712 571 459 807 106 728 790 38 773 238 532 841 915 287 961 644 962 679 825 25 530 100 515 854 30 796 830 151 618 875 371 121 869 14 553 315 36 126 556 418 524 691 635 995 60 554 888 584 60 
702 54 500 459 375 741 607 698 5 949 874 774 405 904 263 602 55 456 158 787 697 583 987 540 2 592 17 1 888 391 664 163 31 387 896 837 2 850 725 400 487 779 847 698 6 972 269 828 205 754 954 974 165 761 918 539 826 950 479 408 861 559 251 386 999 989 901 807 228 164 344 183 261 371 287 158 63 91 250 801 910 672 532 957 60 727 993 394 608 379 89 633 346 540 525 426 599 9 4 384 
100 226 881 883 54 98 597 248 843 86 599 406 914 294 747 271 305 943 216 510 656 297 571 711 245 254 568 193 182 140 745 256 878 486 597 556 85 586 797 447 180 215 738 489 601 985 339 372 204 522 690 657 691 523 799 45 391 698 799 961 844 443 664 822 375 603 261 350 410 424 8 272 721 980 441 573 649 816 630 40 714 330 77 726 257 637 98 182 532 582 521 636 686 31 109 814 406 154 409 214 
579 816 213 181 563 832 528 736 531 468 153 588 251 281 576 18 570 605 437 764 257 777 476 200 289 295 441 504 540 700 720 704 388 312 120 248 654 630 617 697 649 343 323 979 548 641 457 527 831 200 688 626 349 457 153 882 104 566 456 132 267 456 8 226 499 821 816 267 2 549 553 913 339 557 41 727 262 215 117 896 123 672 924 534 709 190 526 70 700 620 637 99 887 651 626 935 977 586 61 620 
917 444 250 605 630 307 700 418 59 432 361 27 612 825 165 291 287 258 275 541 436 43 453 774 574 859 934 716 253 802 360 476 192 137 234 948 846 248 172 276 943 837 719 785 315 268 127 37 68 579 938 516 954 215 965 259 878 726 707 960 520 448 77 862 847 736 13 352 676 643 800 583 124 392 107 365 180 623 175 7 215 935 685 603 423 270 700 80 837 633 209 299 539 360 51 753 173 981 800 408 
35 8 296 924 594 157 576 517 574 468 235 694 927 542 198 666 394 368 152 990 611 992 703 920 904 744 45 583 698 441 536 326 65 929 49 504 473 814 741 297 775 645 9 314 12 160 547 935 562 864 520 985 421 418 679 621 642 867 410 33 439 446 661 593 613 733 484 433 728 641 511 512 262 186 163 312 28 2 313 538 608 189 327 635 905 172 836 334 468 816 407 229 324 336 291 874 799 650 758 821 
997 30 219 172 885 645 668 690 969 963 95 804 240 713 85 869 325 63 967 468 344 737 581 794 260 901 166 903 192 61 734 835 68 514 794 297 578 999 716 494 99 58 435 376 766 783 645 923 837 993 496 809 761 62 346 155 989 779 258 104 978 125 733 240 866 721 907 701 115 302 195 309 229 217 350 683 716 497 495 579 627 968 578 607 532 266 474 847 889 832 843 935 171 862 569 190 935 574 94 201 
198 621 404 69 772 39 8 563 136 184 9 838 19 550 879 666 704 346 650 129 243 237 373 547 46 669 468 740 16 1 657 186 729 180 285 928 573 594 427 62 178 281 386 13 387 760 309 742 226 222 618 527 768 988 288 410 463 152 671 831 268 134 565 300 815 98 220 780 444 697 309 978 729 482 19 852 12 565 44 77 40 997 785 744 66 683 597 108 550 179 975 208 336 188 428 557 95 53 702 384 
672 510 940 878 544 953 769 27 384 626 634 578 966 863 439 943 144 383 781 171 348 376 192 709 714 663 941 586 440 741 63 11 634 641 784 501 349 177 785 496 127 606 27 421 163 659 695 914 22 712 969 855 714 222 405 260 950 935 496 937 165 843 466 292 583 294 588 622 186 370 944 335 584 551 517 993 194 32 996 429 458 828 218 649 784 608 433 497 21 937 945 684 829 489 991 161 892 573 328 688 
655 509 233 237 569 770 323 900 782 507 339 416 793 515 213 263 428 201 653 825 524 273 730 345 293 760 998 878 928 434 508 144 586 411 909 548 364 352 657 85 485 828 968 258 191 774 407 700 618 937 511 499 717 617 255 232 32 438 37 812 205 537 242 218 45 517 886 326 505 834 915 288 79 37 598 417 117 447 577 713 344 238 4 670 820 798 758 106 757 839 980 802 454 672 968 313 622 112 834 962 
883 519 805 151 37 392 353 539 592 11 309 813 100 341 246 536 813 111 20 921 592 945 10 78 81 832 443 757 727 931 693 877 847 639 406 155 675 699 673 462 405 975 71 4 385 67 684 346 370 762 88 662 733 26 453 336 757 503 445 774 208 994 124 835 636 12 196 119 80 714 891 267 507 864 542 892 834 18 286 59 267 899 90 179 757 476 104 220 755 213 419 429 169 145 457 25 783 944 716 162 
627 590 198 544 736 175 279 784 986 653 664 25 118 838 528 120 373 314 117 570 321 802 977 406 671 992 528 94 187 850 451 174 580 621 381 829 959 958 710 491 766 708 837 840 421 649 769 462 439 221 889 541 945 718 647 266 182 378 187 539 345 601 99 474 935 183 407 609 373 797 449 619 973 554 955 550 88 57 734 340 207 589 464 58 503 437 745 594 40 546 114 118 744 596 654 832 381 505 318 601 
925 680 243 215 594 179 445 519 123 554 224 386 125 193 908 562 907 921 786 334 924 608 384 364 291 287 132 886 393 164 291 615 236 317 615 350 946 733 566 410 294 703 949 355 21 629 968 56 622 314 543 617 731 289 501 220 134 757 534 602 832 941 703 16 739 881 363 652 559 70 268 78 623 798 29 633 163 338 199 58 388 833 434 500 489 562 110 716 873 755 459 845 797 658 144 781 424 147 918 541 
468 640 544 485 874 980 24 202 849 39 556 282 282 504 583 896 297 960 106 515 598 775 816 37 977 15 757 693 656 317 679 279 31 668 659 845 309 632 170 578 900 282 693 837 933 863 588 183 421 206 392 167 403 127 456 425 243 688 25 478 369 311 42 680 410 280 788 496 84 557 477 707 594 479 731 187 38 124 822 944 476 769 560 56 480 23 403 883 14 662 829 952 57 174 851 979 549 316 202 609 
504 496 557 964 843 578 16 608 513 290 377 568 383 567 150 843 190 915 373 136 912 697 670 961 502 68 924 193 528 851 299 951 707 89 318 835 47 110 904 883 944 449 911 525 715 625 182 885 192 272 422 875 39 894 415 720 680 534 112 45 876 813 843 893 919 891 895 692 530 474 914 922 665 684 67 839 500 185 27 860 202 275 524 370 637 303 154 951 955 700 833 772 250 556 288 605 983 991 778 206 
267 796 358 399 130 296 111 913 253 859 932 353 807 625 394 56 453 960 549 614 51 330 420 628 118 493 721 772 645 441 826 671 138 962 685 36 450 562 340 668 928 205 845 606 844 609 948 734 200 902 65 293 855 286 758 463 974 497 837 821 688 254 719 87 45 316 496 392 525 93 927 798 325 994 276 301 670 837 131 522 730 585 381 37 974 511 388 393 996 369 979 594 377 650 787 40 590 451 368 707 
802 491 238 858 854 599 767 935 414 755 747 705 601 719 175 783 494 660 533 158 413 860 172 25 251 567 141 628 265 586 120 450 717 350 1000 966 218 421 677 64 338 561 526 713 429 575 664 48 287 450 550 689 522 188 287 608 915 251 236 629 738 881 807 86 623 591 37 181 647 404 871 981 242 733 49 775 313 430 861 608 804 430 143 358 491 120 950 667 735 899 144 792 390 565 301 155 352 344 256 832 
841 731 408 99 413 363 369 127 661 637 940 104 696 725 439 877 214 31 350 809 524 931 284 432 107 129 330 91 725 605 179 500 939 753 449 461 687 718 108 275 150 55 667 122 196 404 812 156 423 557 982 90 881 488 473 627 870 703 819 309 414 410 129 954 329 525 661 769 900 749 33 60 260 320 887 643 683 932 552 493 420 429 122 859 1 21 610 553 689 143 427 168 911 26 382 983 901 336 871 891 
209 930 776 330 764 608 764 115 341 772 399 32 421 691 684 245 552 209 309 521 366 305 351 929 919 671 596 300 524 235 245 692 389 641 364 298 448 200 248 690 581 459 176 405 705 378 454 1000 57 392 567 134 41 240 113 766 163 527 549 799 916 771 904 427 134 350 973 359 755 328 227 589 794 195 749 239 795 191 103 588 930 846 637 586 741 144 216 371 784 492 558 937 162 344 838 285 532 630 488 96 
318 767 775 940 964 718 67 3 322 392 787 686 162 48 257 297 281 109 306 261 154 316 499 165 706 144 926 795 51 767 811 948 537 234 229 747 730 237 934 89 52 46 370 914 642 267 604 588 368 837 142 89 729 795 35 875 950 841 647 704 193 348 849 591 567 370 317 218 628 907 293 117 524 382 405 675 524 925 226 872 648 693 541 587 229 290 171 399 752 698 52 807 863 716 160 416 210 986 700 49 
136 324 378 499 348 480 708 515 341 502 439 442 577 695 624 609 663 718 460 836 771 737 305 547 514 961 210 691 6 745 399 389 593 476 654 30 224 301 714 347 688 961 954 405 502 969 174 902 680 654 707 959 881 124 300 537 781 674 564 541 100 981 24 911 812 997 78 47 748 11 82 844 180 971 329 248 576 701 752 633 464 995 720 775 693 782 112 886 778 840 933 412 988 382 729 842 813 55 702 178 
925 896 952 489 718 807 570 352 471 404 359 898 768 754 58 143 652 523 949 349 941 5 194 232 637 861 428 896 674 284 983 577 160 915 942 540 426 320 897 784 794 146 685 491 55 117 348 128 666 990 855 95 256 353 557 565 730 599 832 957 578 269 848 935 757 284 380 51 29 306 1 773 881 21 703 363 564 304 489 820 136 897 449 320 798 569 302 965 829 787 671 676 690 977 547 189 204 6 620 819 
257 441 112 546 691 522 461 204 658 344 352 120 181 935 662 571 344 16 7 813 25 415 127 777 203 920 167 308 356 495 410 534 676 455 956 321 244 126 251 610 921 884 47 627 828 602 413 43 371 958 88 128 286 484 715 862 869 574 775 601 950 600 164 30 383 802 18 113 918 324 907 154 44 534 97 985 913 769 538 45 75 501 630 897 28 189 803 284 610 930 532 423 450 995 358 632 930 389 89 206 
717 993 49 757 469 513 480 460 597 976 364 676 993 718 673 11 338 569 573 705 901 970 234 218 116 741 441 154 861 746 410 582 162 187 13 15 444 454 445 425 895 90 187 817 56 942 465 813 788 989 924 604 50 758 191 634 110 436 298 986 13 765 17 185 738 205 288 994 845 125 261 937 243 638 688 149 681 796 697 300 400 486 601 312 121 950 542 489 428 995 857 576 255 252 674 63 424 745 788 768 
231 423 349 844 716 758 766 858 607 141 675 164 743 398 408 244 827 16 521 441 453 519 778 594 313 793 745 730 822 575 410 22 701 816 626 551 409 597 610 239 147 134 454 710 342 862 497 264 850 284 139 592 199 728 146 819 769 894 108 854 998 777 458 882 504 391 70 8 810 251 853 322 438 195 163 286 542 195 238 110 567 331 635 209 87 436 465 325 561 953 20 468 933 606 557 304 331 119 568 194 
666 659 580 101 781 460 656 723 658 40 402 920 573 542 249 721 841 126 237 399 460 49 882 132 828 681 204 685 992 336 169 169 518 532 190 82 737 225 413 242 52 110 867 171 782 554 823 1 60 71 452 131 761 822 304 240 381 660 708 117 956 286 743 973 214 464 654 241 645 794 840 867 970 437 436 429 649 449 193 722 793 754 553 527 229 23 874 871 944 477 528 206 113 669 402 328 230 703 443 388 
268 951 274 639 841 820 384 917 505 751 820 556 443 723 517 480 413 559 627 942 683 999 191 980 582 743 121 799 358 586 875 425 387 892 820 738 254 657 429 345 977 56 168 913 443 474 742 868 536 470 41 993 772 243 298 113 927 268 741 935 430 259 979 224 585 772 557 327 339 499 584 231 199 822 654 656 92 723 917 125 266 717 959 532 912 218 829 193 465 494 821 578 299 125 417 356 877 444 637 376 
535 994 287 513 145 764 341 551 875 217 407 906 877 776 391 103 409 592 247 271 197 368 286 166 843 696 286 684 700 785 977 375 914 893 252 599 568 234 569 42 149 295 246 980 145 224 413 818 379 793 269 183 154 681 446 392 19 719 294 783 271 462 294 94 326 14 486 844 650 245 920 454 764 458 686 54 509 203 471 475 699 474 553 978 402 790 642 580 9 150 453 351 305 336 928 466 263 66 364 510 
8 666 260 817 941 131 600 975 746 646 41 502 375 885 657 914 253 56 417 217 812 978 995 994 308 130 682 581 156 209 173 123 25 561 104 404 51 591 297 995 953 560 616 116 597 59 385 329 188 317 829 253 842 704 816 765 96 460 843 380 278 641 447 877 917 51 928 228 526 754 212 183 139 240 5 453 659 930 857 762 480 669 424 84 564 889 289 314 290 977 460 623 364 699 729 228 390 441 666 933 
657 456 882 591 695 21 271 511 843 413 568 811 644 442 289 4 894 431 842 735 741 996 577 227 507 564 989 157 960 749 541 357 953 398 74 581 406 527 816 105 263 229 75 840 139 868 224 552 954 784 233 341 397 482 622 894 875 89 216 76 808 372 35 862 904 266 609 573 841 134 760 332 73 585 22 301 824 639 75 344 354 351 188 844 778 867 722 121 634 895 258 989 944 392 97 418 439 837 926 16 
162 977 498 224 284 811 934 729 305 113 844 120 777 697 480 389 659 694 73 595 651 902 303 192 760 177 857 507 13 234 121 603 350 137 261 245 837 250 552 361 366 518 693 819 268 413 45 837 468 4 301 982 476 366 960 234 111 701 517 142 612 223 221 749 178 113 657 932 47 245 31 465 842 617 130 206 793 31 241 76 463 659 855 553 198 577 853 738 125 47 835 510 709 759 477 680 102 219 696 738 
483 412 317 132 552 309 183 774 473 898 199 429 241 853 631 993 35 338 835 609 82 417 910 592 9 896 32 861 221 974 339 843 721 3 979 39 462 278 583 33 681 32 900 600 64 466 652 141 530 821 213 670 246 378 485 135 818 823 156 646 552 86 502 866 209 724 600 929 987 796 555 477 444 359 636 867 676 332 529 489 114 985 388 825 549 280 440 527 405 106 534 420 99 191 382 458 593 863 770 146 
469 691 310 72 243 960 756 216 408 801 614 251 310 467 864 796 889 910 391 478 642 816 760 765 230 768 134 173 263 957 455 875 55 446 319 686 617 679 921 409 849 447 535 875 961 547 934 338 153 635 10 709 714 38 576 855 930 280 525 152 923 412 442 301 434 937 848 635 472 677 447 705 205 889 946 406 444 645 651 20 848 285 294 88 929 715 399 156 734 297 363 449 919 986 201 743 876 563 678 237 
925 332 904 105 646 511 521 311 93 552 348 90 709 793 407 739 552 144 869 574 657 777 623 492 970 536 940 42 307 681 944 715 110 593 548 128 319 709 653 965 973 138 904 847 4 657 929 191 625 758 757 905 386 62 90 320 356 266 270 964 115 419 146 781 145 698 865 17 850 514 337 308 900 498 571 67 604 587 959 193 923 66 598 774 650 71 182 843 635 747 101 354 416 795 268 662 800 490 665 92 
283 165 682 682 889 63 403 941 722 312 436 972 203 510 224 523 19 207 37 700 212 183 938 535 372 147 143 323 312 939 126 561 929 493 308 812 784 50 502 930 266 10 888 989 514 568 533 814 626 290 142 932 979 751 223 16 727 7 598 313 532 802 523 286 767 774 890 518 873 240 838 257 220 553 33 282 158 980 298 893 5 307 930 526 930 334 95 352 449 685 581 260 232 176 65 616 893 400 905 841 
385 689 278 860 912 55 490 679 540 468 819 136 188 146 954 405 828 881 430 648 770 58 456 471 559 743 450 563 384 930 409 438 804 865 278 817 401 710 215 600 649 179 947 279 912 268 186 275 241 87 685 520 615 904 631 348 571 342 137 625 394 16 388 137 754 570 897 631 986 360 148 457 585 995 730 763 979 213 771 464 658 546 319 417 737 342 602 863 200 634 372 178 133 886 111 769 211 171 857 924 
425 772 731 371 769 830 836 143 690 296 61 487 466 353 832 66 549 210 772 155 286 185 515 668 941 108 940 792 606 492 875 265 141 491 848 568 830 435 934 901 61 427 851 250 459 602 354 260 388 358 175 545 992 599 867 435 797 322 154 722 789 107 371 677 104 221 799 548 393 51 651 831 197 207 188 587 449 319 258 716 78 558 885 898 947 293 508 783 286 952 6 890 437 68 489 446 474 531 833 70 
60 159 491 6 160 482 933 89 609 755 748 143 907 905 393 611 674 517 349 477 955 694 378 103 376 846 345 487 611 976 959 351 681 59 440 224 471 601 931 620 52 340 594 736 733 316 994 42 263 40 422 87 49 599 755 571 804 736 544 692 483 876 509 361 670 242 888 8 614 468 178 920 257 386 416 42 235 393 565 673 187 647 568 182 255 608 233 764 179 268 95 987 265 333 424 327 923 650 42 899 
575 384 800 446 25 550 460 663 185 702 240 976 622 872 433 234 787 695 990 589 333 963 240 831 820 326 394 34 598 695 429 450 215 138 175 260 145 52 419 877 33 502 57 285 920 15 980 747 97 352 638 383 402 406 920 910 3 72 632 251 819 42 4 987 559 144 276 787 319 563 102 599 602 306 576 875 408 466 141 44 205 767 452 181 988 340 22 228 3 209 293 295 110 593 82 637 578 133 592 421 
468 285 580 561 34 863 125 676 151 868 345 756 429 608 343 363 395 601 786 889 394 254 335 169 763 97 13 701 271 362 749 572 566 109 845 237 793 882 854 788 746 817 397 252 65 566 779 226 40 713 16 354 197 211 92 193 699 617 766 898 107 267 867 383 694 84 524 775 373 511 704 575 28 460 308 339 571 78 821 698 402 282 170 101 309 633 73 616 667 578 492 890 955 811 517 983 355 367 898 263 
959 55 763 74 724 120 343 512 640 73 449 12 307 690 92 907 992 821 14 752 703 737 392 946 508 289 204 362 86 274 665 878 55 793 238 556 691 87 510 365 513 626 96 657 820 908 751 629 597 31 846 853 49 34 592 695 189 911 120 754 769 660 556 68 332 873 576 884 172 39 869 947 499 629 246 969 827 158 286 348 825 154 570 215 279 906 359 807 54 585 410 339 178 801 675 738 327 39 81 781 
635 265 69 273 829 601 212 651 448 573 721 785 959 57 651 881 478 658 910 428 687 124 779 803 911 468 191 76 46 157 959 819 309 435 219 137 735 546 212 522 897 218 688 698 347 586 337 657 715 143 58 864 982 836 610 493 698 460 378 904 915 372 974 671 667 352 603 270 794 896 349 344 664 21 369 145 255 778 725 648 809 279 240 180 109 878 245 882 866 389 49 940 70 943 657 918 921 571 997 462 
703 544 535 688 183 977 476 6 156 689 72 703 934 220 895 409 741 928 141 321 617 371 91 460 812 587 44 181 194 199 7 619 875 215 565 545 598 175 34 368 723 303 553 760 131 660 208 38 625 552 478 200 843 735 486 70 338 548 635 203 371 621 52 310 593 310 690 2 393 728 264 808 681 125 176 12 180 852 342 880 345 556 849 288 153 227 342 494 777 838 161 496 311 125 36 748 960 951 926 116 
378 545 932 419 199 707 250 88 79 504 917 582 285 389 789 885 314 736 560 270 250 63 928 663 953 548 249 442 907 73 492 504 80 747 209 91 948 541 400 649 983 782 874 149 192 230 977 89 799 505 477 59 226 851 442 946 520 382 807 968 954 256 367 454 476 176 761 948 698 696 433 934 666 68 462 819 159 96 434 352 578 718 827 782 839 385 107 951 451 994 926 877 265 630 48 50 462 234 703 5 
982 387 362 76 575 694 262 766 842 656 73 279 737 151 647 563 100 931 871 323 67 221 298 42 800 97 456 364 211 103 834 404 662 832 894 154 610 482 989 844 48 849 830 914 759 660 14 662 9 370 537 228 449 619 891 13 747 784 797 845 118 107 411 658 452 887 559 676 265 215 758 145 766 665 545 10 883 767 801 469 993 196 523 728 874 118 235 591 560 270 304 514 684 27 394 317 984 499 37 861 
421 439 791 192 423 216 916 388 860 104 628 28 481 806 403 185 856 550 875 599 979 51 293 275 125 952 404 618 910 599 57 660 562 603 629 285 280 560 917 665 1 642 544 5 562 316 440 668 102 555 974 66 480 875 635 410 904 289 744 389 799 184 72 876 588 586 197 600 205 217 914 945 55 977 13 771 182 34 166 939 11 588 685 535 564 387 922 360 159 482 57 669 577 899 969 263 813 76 414 837 
645 559 429 481 863 120 596 616 887 65 694 163 455 160 761 429 839 96 667 758 896 541 630 404 237 747 924 621 18 919 94 223 946 533 184 763 966 600 873 182 697 913 936 142 662 887 180 774 439 684 160 574 761 277 578 780 456 528 753 480 808 867 607 681 941 154 809 319 117 561 401 984 295 812 354 965 326 702 996 54 326 924 716 792 189 791 845 220 387 226 49 920 652 481 377 625 653 355 103 430 
782 369 978 270 74 956 860 924 700 646 292 802 847 875 883 541 246 71 703 581 534 746 308 53 947 871 774 728 248 536 339 387 313 608 404 143 378 363 66 26 319 473 192 447 755 675 575 926 401 184 205 837 164 504 187 523 720 40 326 93 770 782 76 828 309 29 385 884 723 96 854 951 548 44 275 388 142 671 832 600 123 716 1 103 114 691 188 530 40 701 687 54 653 200 265 250 372 640 339 307 
370 25 639 506 446 630 240 262 932 837 13 172 571 525 180 44 607 965 626 787 375 494 570 471 533 16 23 204 948 985 229 159 988 314 841 101 162 324 395 987 667 729 327 848 710 436 489 915 200 354 592 591 984 181 486 217 30 302 360 499 314 230 474 176 77 693 93 780 528 967 313 81 930 19 114 708 638 152 939 372 878 551 622 900 432 668 265 782 787 621 787 163 597 950 436 892 615 230 360 24 
360 995 481 952 272 839 731 560 782 274 273 964 662 849 228 103 479 844 668 845 486 973 813 159 952 90 563 806 887 969 926 578 775 690 98 300 969 182 173 329 548 541 928 35 720 775 212 317 843 597 496 189 61 306 553 828 505 38 145 185 76 468 568 511 805 363 992 692 835 963 576 855 651 792 164 720 895 569 263 1000 801 452 568 885 756 720 304 981 158 684 849 770 766 490 173 186 341 696 246 616 
229 403 261 791 365 383 449 822 979 19 459 565 103 612 976 962 611 267 60 51 117 136 720 360 930 871 485 404 727 818 619 708 814 893 852 959 115 632 966 322 213 770 440 510 206 203 530 896 652 539 919 3 460 379 326 425 969 768 281 919 984 246 790 578 215 454 469 23 864 284 858 600 394 129 723 812 590 76 665 218 287 214 512 282 748 528 590 348 648 193 563 950 77 200 29 719 99 958 375 477 
128 783 340 890 733 506 554 488 479 750 548 719 1 682 317 624 91 308 551 239 535 849 226 165 586 137 393 227 880 518 700 259 766 596 911 145 424 461 640 160 809 49 618 954 650 113 917 414 341 964 808 132 640 980 166 641 404 212 514 637 329 802 695 303 593 912 209 760 812 413 948 558 51 336 208 611 448 148 351 90 307 363 650 415 788 287 551 304 63 979 152 303 749 696 669 49 617 455 416 830 
498 247 117 117 974 269 630 813 736 906 840 699 162 801 129 467 420 138 284 473 151 287 19 818 922 663 498 867 160 243 628 450 64 378 418 410 117 923 194 709 937 923 429 323 957 424 859 159 18 765 692 528 134 198 542 346 413 581 300 199 772 496 445 236 519 803 526 663 144 477 995 580 490 672 898 585 269 494 218 227 28 113 803 480 8 505 491 664 422 697 806 622 328 829 815 779 250 67 674 959 
863 935 588 871 638 648 213 897 793 657 569 65 924 926 313 417 809 47 746 466 877 855 219 532 44 850 462 955 704 393 747 906 406 239 221 718 767 895 497 695 498 401 678 340 583 310 597 97 366 655 397 357 552 500 343 570 827 179 143 633 23 550 35 997 371 617 248 386 5 868 266 383 223 601 239 38 346 382 720 245 430 625 803 599 194 147 566 832 833 210 882 545 953 784 396 424 576 675 39 952 
187 870 201 710 321 519 379 894 30 172 332 673 24 422 243 980 502 609 779 33 971 266 142 961 272 226 901 416 950 649 780 229 909 319 786 135 138 374 744 783 149 380 289 791 267 792 562 638 994 125 887 325 50 427 733 51 961 7 935 498 115 681 950 548 612 242 468 423 877 652 477 655 869 489 813 552 676 867 189 941 206 365 607 540 818 603 95 306 657 971 36 811 729 742 779 434 269 661 572 33 
202 525 338 691 379 701 557 782 204 178 708 187 37 317 650 232 660 156 384 429 218 593 878 223 717 371 392 957 414 682 950 843 115 747 993 553 918 994 306 461 645 809 212 39 872 787 591 680 248 72 704 251 9 308 879 663 424 246 692 362 721 230 599 550 173 93 382 383 634 157 11 304 443 894 547 192 7 412 190 438 549 985 521 565 946 954 71 257 85 873 932 953 594 996 339 66 45 443 629 650 
444 214 510 721 753 347 924 874 550 453 604 951 205 488 485 505 881 967 641 443 501 847 110 323 65 331 747 256 813 2 830 188 89 549 951 650 638 929 817 912 753 504 991 363 295 499 400 279 791 859 909 40 710 468 358 815 303 482 46 15 63 813 482 954 27 408 881 717 23 432 385 449 488 846 504 569 251 465 399 639 904 50 514 723 417 33 663 563 815 823 280 930 935 694 574 140 247 462 451 712 
768 734 429 421 862 187 216 340 50 321 296 522 357 806 581 993 834 739 874 402 441 192 478 975 723 874 119 821 683 1000 464 124 14 933 164 905 876 286 608 339 37 344 402 146 72 734 863 333 900 30 744 246 94 410 401 503 630 955 500 995 592 354 135 145 377 971 155 986 902 632 122 92 162 384 163 465 477 972 950 530 161 772 441 323 12 367 214 285 566 977 231 464 39 509 774 954 809 727 39 934 
990 843 648 324 987 327 567 574 403 907 73 432 656 939 893 9 766 589 725 310 396 176 406 150 436 181 725 458 686 941 562 507 222 774 540 334 314 346 722 790 315 208 622 647 151 123 444 88 843 187 656 1000 580 265 51 197 608 159 144 158 735 75 491 469 96 308 382 68 906 785 162 180 834 682 609 974 346 787 179 462 161 472 781 695 769 755 752 739 139 565 939 749 554 676 841 101 974 945 733 332 
530 53 506 534 21 187 771 46 206 149 454 483 264 265 220 588 341 108 928 699 379 40 564 49 857 660 26 524 269 110 467 198 894 128 783 441 693 237 965 684 569 197 756 373 250 620 430 333 772 441 602 227 667 146 589 993 284 539 680 317 201 74 885 649 823 416 51 754 19 297 757 883 966 482 106 411 902 925 373 920 50 620 130 323 878 908 402 494 160 775 10 153 238 551 725 569 464 901 682 718 
269 448 64 152 306 883 352 205 29 626 326 429 658 902 67 453 930 918 649 85 899 984 191 690 569 706 973 613 639 240 617 823 482 195 305 649 52 424 309 741 695 990 877 822 725 345 231 668 753 278 265 512 596 342 589 172 178 857 984 86 187 73 533 643 24 109 582 284 948 168 526 848 625 391 522 404 966 664 120 307 467 291 903 630 948 742 236 467 925 579 190 429 710 735 8 872 674 230 945 563 
856 187 152 869 747 999 996 165 116 17 908 284 555 317 476 117 76 297 764 57 319 42 263 399 150 571 691 159 125 158 558 294 714 244 446 621 732 200 80 724 693 144 414 263 284 506 203 270 213 640 262 918 144 768 541 372 118 532 560 629 857 140 251 732 552 145 571 403 504 360 279 243 881 32 467 719 532 385 813 63 442 460 104 270 761 267 579 74 374 722 623 401 623 739 623 878 971 176 128 411 
321 828 659 153 666 523 440 666 207 573 396 9 300 23 831 136 581 823 521 5 459 80 855 328 939 672 242 319 990 974 189 954 36 388 704 340 361 180 545 596 479 943 289 771 391 190 114 21 56 762 543 522 799 526 735 206 941 239 109 149 7 438 8 853 346 316 533 976 222 63 599 642 665 820 131 373 42 634 101 420 583 263 66 782 873 321 977 197 384 293 746 826 134 459 235 159 989 654 548 926 
349 337 310 361 15 495 9 336 725 840 176 95 954 98 501 725 314 936 213 229 273 177 631 385 377 367 138 27 537 219 737 651 904 66 928 977 507 178 105 220 221 720 442 697 284 592 313 439 319 934 289 123 682 140 122 574 146 569 871 398 86 232 314 918 417 321 273 274 757 866 36 625 428 59 962 432 923 435 859 202 223 735 792 740 256 590 279 566 574 807 179 799 839 137 344 396 564 419 937 677 
908 762 761 208 6 826 877 193 241 934 303 134 338 248 839 334 295 607 168 759 54 952 895 337 830 509 361 61 749 874 804 82 578 52 668 496 725 597 33 959 51 400 321 423 50 347 470 840 347 307 689 165 546 751 398 130 649 331 64 672 816 380 301 630 441 669 734 228 163 929 586 54 377 784 4 698 256 216 670 38 703 253 352 642 787 425 821 79 473 53 858 881 98 400 908 175 255 84 566 745 
410 524 992 340 566 403 895 480 767 795 203 664 733 293 292 368 226 916 923 619 542 720 950 567 193 481 672 685 191 752 241 347 717 385 550 154 927 725 833 40 176 666 737 996 242 850 91 978 805 722 893 524 610 3 723 955 252 561 852 210 681 502 32 798 507 445 32 73 546 709 510 205 279 839 584 459 911 484 334 264 357 562 157 944 686 730 725 824 799 391 242 571 887 109 836 250 959 914 354 780 
433 227 727 599 198 787 770 939 393 348 856 331 607 406 110 362 563 184 540 627 560 564 489 634 796 476 797 195 924 47 936 499 297 691 321 999 261 231 288 744 388 887 778 842 945 233 619 436 971 345 635 634 793 238 800 99 981 923 918 875 859 643 927 153 185 349 115 774 900 386 457 994 816 980 513 993 354 196 107 970 910 437 332 526 951 565 761 72 424 191 111 520 893 12 635 250 891 551 734 737 
117 519 600 684 352 616 504 302 926 963 19 342 533 237 956 662 455 35 669 311 411 727 396 564 358 860 627 211 895 343 498 364 807 953 183 889 959 888 857 829 483 694 628 83 778 312 874 188 328 316 727 731 915 311 505 137 960 342 656 348 929 302 623 691 254 699 34 844 572 834 183 374 437 164 969 202 323 88 730 863 318 985 741 217 907 375 604 547 700 100 173 614 198 846 980 934 336 282 292 960 
164 738 898 288 769 530 931 274 927 522 949 761 261 85 680 983 277 151 235 125 726 703 250 431 344 742 841 712 165 696 159 145 237 309 799 427 300 553 49 107 505 41 414 4 472 867 850 661 22 467 8 501 341 667 319 458 691 115 489 873 836 782 696 363 60 915 537 433 76 225 545 273 746 158 510 260 652 817 429 69 809 978 185 816 182 826 652 306 89 745 962 218 473 267 101 913 919 336 44 610 

