1000 1
576 
561 
996 
751 
499 
46 
927 
765 
945 
315 
112 
518 
754 
593 
71 
780 
836 
554 
956 
620 
391 
551 
25 
748 
162 
466 
462 
650 
471 
751 
857 
192 
263 
499 
527 
111 
336 
827 
744 
242 
517 
15 
801 
127 
873 
661 
711 
980 
418 
859 
719 
178 
499 
803 
653 
406 
314 
670 
314 
344 
233 
133 
47 
230 
318 
620 
552 
711 
726 
423 
111 
814 
780 
433 
325 
945 
979 
639 
621 
405 
807 
935 
238 
176 
255 
276 
836 
474 
73 
257 
524 
356 
835 
542 
780 
347 
104 
405 
391 
954 
728 
3 
37 
180 
727 
1000 
751 
842 
36 
241 
697 
717 
119 
131 
195 
244 
970 
834 
332 
871 
873 
190 
556 
377 
626 
560 
693 
835 
68 
16 
830 
965 
857 
974 
678 
660 
879 
272 
447 
196 
815 
91 
514 
21 
750 
267 
990 
84 
824 
705 
186 
391 
905 
403 
52 
556 
148 
616 
273 
319 
216 
191 
39 
579 
159 
576 
611 
397 
446 
280 
10 
999 
344 
515 
23 
719 
766 
585 
889 
451 
29 
800 
96 
176 
920 
761 
930 
896 
908 
243 
498 
493 
573 
507 
696 
311 
61 
805 
17 
855 
483 
190 
493 
107 
888 
824 
640 
87 
738 
353 
740 
325 
356 
819 
603 
444 
726 
619 
426 
422 
308 
456 
285 
949 
776 
341 
84 
452 
157 
277 
570 
872 
414 
358 
260 
334 
66 
675 
606 
318 
779 
170 
818 
594 
205 
320 
45 
489 
795 
97 
645 
791 
219 
778 
275 
468 
949 
555 
39 
371 
951 
184 
218 
664 
149 
864 
437 
479 
948 
990 
671 
614 
989 
914 
697 
585 
707 
597 
364 
934 
410 
596 
11 
269 
589 
700 
638 
145 
39 
490 
227 
807 
56 
459 
737 
67 
342 
816 
812 
827 
308 
322 
884 
787 
349 
433 
189 
350 
268 
633 
58 
968 
272 
210 
156 
316 
183 
135 
98 
736 
786 
661 
311 
128 
579 
622 
684 
810 
517 
159 
127 
747 
653 
267 
823 
30 
945 
994 
105 
432 
519 
895 
983 
457 
501 
725 
736 
125 
780 
16 
456 
119 
696 
762 
585 
120 
299 
125 
822 
329 
191 
8 
471 
456 
181 
264 
805 
935 
845 
420 
472 
150 
177 
195 
427 
30 
132 
552 
230 
555 
222 
489 
800 
180 
116 
25 
656 
583 
359 
91 
40 
447 
865 
606 
89 
927 
932 
988 
682 
755 
450 
878 
383 
971 
933 
368 
225 
125 
201 
737 
921 
51 
491 
574 
119 
494 
81 
612 
785 
759 
324 
222 
773 
1 
985 
909 
750 
187 
196 
924 
105 
679 
151 
831 
852 
919 
508 
8 
902 
440 
202 
548 
226 
848 
431 
569 
242 
866 
456 
284 
509 
488 
919 
444 
585 
59 
378 
664 
457 
383 
923 
884 
645 
998 
627 
390 
685 
727 
791 
920 
581 
62 
774 
81 
55 
131 
668 
349 
617 
790 
28 
66 
556 
344 
301 
177 
417 
305 
436 
88 
4 
391 
892 
120 
321 
500 
528 
149 
730 
104 
90 
867 
672 
954 
108 
134 
15 
950 
739 
641 
802 
480 
881 
246 
947 
267 
874 
174 
10 
985 
102 
454 
868 
749 
972 
224 
218 
893 
572 
140 
804 
751 
625 
586 
27 
348 
494 
718 
599 
382 
267 
978 
702 
561 
608 
492 
137 
810 
761 
95 
969 
273 
685 
895 
549 
66 
308 
335 
387 
814 
9 
897 
577 
617 
836 
107 
476 
695 
737 
538 
259 
899 
499 
15 
246 
242 
880 
200 
155 
164 
869 
658 
247 
566 
546 
606 
645 
517 
690 
512 
977 
430 
666 
437 
948 
993 
665 
982 
490 
29 
94 
964 
985 
91 
466 
80 
917 
674 
501 
772 
203 
684 
421 
823 
508 
643 
452 
993 
927 
89 
993 
796 
569 
529 
687 
761 
653 
833 
48 
824 
997 
271 
707 
716 
967 
459 
589 
6 
762 
522 
890 
252 
476 
261 
457 
500 
154 
650 
607 
624 
869 
113 
514 
599 
931 
592 
233 
176 
695 
430 
232 
323 
894 
981 
570 
531 
878 
569 
709 
348 
661 
506 
460 
524 
790 
808 
93 
49 
637 
342 
504 
864 
547 
382 
222 
798 
768 
948 
593 
862 
426 
326 
188 
77 
302 
769 
71 
247 
568 
794 
788 
452 
688 
50 
669 
175 
992 
953 
887 
847 
837 
677 
684 
913 
94 
779 
163 
119 
436 
933 
756 
444 
6 
399 
64 
192 
278 
743 
138 
678 
930 
496 
166 
836 
451 
844 
547 
950 
382 
637 
324 
109 
12 
644 
707 
419 
365 
275 
790 
540 
248 
822 
415 
376 
359 
826 
725 
944 
260 
548 
538 
998 
424 
643 
606 
392 
170 
10 
537 
219 
381 
547 
941 
46 
3 
606 
51 
76 
57 
757 
438 
400 
126 
847 
457 
569 
961 
940 
914 
37 
43 
710 
786 
449 
428 
13 
133 
739 
698 
794 
791 
818 
155 
243 
780 
721 
757 
275 
914 
121 
13 
110 
529 
438 
542 
884 
294 
271 
367 
978 
957 
532 
20 
399 
405 
671 
428 
32 
359 
260 
891 
810 
892 
980 
591 
658 
590 
304 
134 
176 
954 
10 
205 
954 
410 
367 
412 
455 
52 
469 
472 
85 
188 
848 
321 
315 
695 
575 
580 
32 
733 
116 
422 
572 
665 
935 
910 
303 
687 
114 
253 
695 
573 
834 
638 
681 
561 
268 
931 
819 
818 
160 
386 
836 
957 
496 
249 
807 
822 
787 
408 
866 
437 
453 
757 
165 
727 
187 
570 
198 
455 
192 
111 
499 
568 
393 
464 
733 
525 
531 
18 
280 
893 
526 
205 
283 
765 
886 
600 
479 
275 
781 
656 
182 
216 
368 
829 
727 
295 
83 
362 
13 
886 
120 
384 
610 
956 
253 
3 
916 
97 
198 
290 
200 
971 
386 
343 
820 
215 
676 
661 
106 
446 
757 
209 
568 
606 
707 
781 
29 
92 
922 
361 
902 
293 
569 
699 
961 
327 
62 
563 
67 
249 
727 
448 
281 
924 
266 
173 
127 
341 
754 
266 
810 
250 
56 
381 
379 
153 
267 
156 
905 
774 
724 
776 
646 
672 
954 
490 
803 

