200 100
767 724 322 859 520 446 175 402 868 301 555 329 25 421 112 720 622 158 371 185 694 426 290 769 483 610 122 874 520 33 257 41 35 234 284 257 608 189 906 525 552 517 472 762 617 736 790 225 289 938 486 245 819 897 276 800 730 418 307 139 596 335 762 150 203 23 454 139 486 187 945 70 712 228 470 109 107 639 257 528 29 156 686 212 915 582 213 28 628 904 931 451 216 894 522 370 804 713 54 975 
910 460 358 827 877 395 144 631 196 626 36 877 843 474 838 87 607 268 468 608 887 711 326 793 404 627 552 112 503 322 19 742 266 413 663 821 241 243 819 718 128 685 326 733 611 306 783 521 316 723 850 600 233 528 89 602 644 321 971 289 843 74 237 317 708 819 196 322 680 71 177 581 662 908 920 713 207 100 295 400 340 819 53 59 458 849 673 228 283 847 228 17 508 434 237 401 818 737 910 706 
711 810 879 55 306 831 758 392 269 51 529 13 730 767 935 502 1 164 342 978 877 217 209 287 43 617 603 819 788 265 35 700 209 782 665 370 196 163 266 387 180 545 63 767 320 10 464 138 948 983 3 96 998 739 452 425 671 65 718 282 303 616 581 621 701 393 584 796 618 472 292 695 721 207 320 905 901 462 396 923 482 362 643 858 451 436 445 61 263 83 621 482 674 913 605 495 284 717 76 335 
368 985 177 885 430 143 85 401 530 18 661 873 657 844 228 15 375 393 997 959 572 369 683 177 191 207 141 892 99 353 763 996 202 535 257 657 469 644 883 243 73 290 678 225 816 237 228 902 234 650 943 498 816 792 751 296 368 35 543 376 194 925 385 834 518 232 127 289 809 723 73 473 722 849 60 444 689 603 771 475 298 635 649 827 509 859 419 136 297 260 278 312 197 508 541 15 572 752 831 842 
886 683 890 452 540 956 622 843 158 160 718 524 85 478 717 196 90 109 111 914 89 206 863 110 338 728 587 551 873 217 425 668 577 20 208 710 171 798 270 267 555 793 238 359 192 323 794 792 157 70 753 951 430 835 921 432 47 124 139 189 204 527 798 16 110 451 781 585 618 265 945 149 519 169 399 843 507 690 186 177 121 831 80 668 382 438 619 845 734 661 398 393 822 410 602 532 214 898 415 612 
240 492 911 810 354 882 40 453 108 360 101 426 590 374 589 65 129 103 265 723 827 167 199 866 746 466 310 504 523 703 693 717 547 276 180 234 368 193 859 597 591 245 594 683 633 90 260 423 114 594 626 39 482 488 366 124 535 506 393 801 696 672 832 405 371 823 386 959 627 64 796 899 243 966 650 604 301 81 699 260 733 24 838 496 847 319 275 524 431 803 827 307 304 543 89 478 476 59 786 708 
749 41 79 263 967 775 561 587 914 135 261 33 804 192 55 506 965 646 649 898 318 517 136 282 545 252 706 865 692 905 392 355 12 545 772 498 37 200 766 701 389 439 799 419 935 181 683 147 204 292 856 101 942 921 853 231 953 168 276 483 373 861 457 329 46 642 45 296 667 972 93 591 643 704 940 77 304 333 296 691 176 755 940 426 781 693 125 956 482 627 649 902 608 486 305 23 193 871 820 549 
680 150 463 352 425 95 358 114 87 555 128 498 300 731 233 829 239 843 275 388 563 348 521 869 911 79 378 163 566 48 214 623 217 788 264 902 184 925 257 717 763 738 267 469 357 885 23 149 544 400 211 335 841 541 308 809 950 381 184 187 735 727 828 252 623 477 837 931 885 363 343 143 61 698 611 521 19 87 303 153 686 783 144 979 916 705 249 285 697 776 52 932 49 210 883 485 30 516 4 271 
614 366 84 140 931 617 279 454 421 38 128 698 456 551 1000 875 487 439 389 775 728 689 314 159 484 58 939 983 343 653 66 470 617 211 653 436 688 648 333 411 155 505 363 337 25 165 676 751 351 98 532 1 344 969 703 373 543 200 510 210 436 127 75 232 922 475 345 126 524 874 33 358 118 927 438 781 455 746 225 754 326 909 487 419 387 881 724 371 675 205 713 229 52 309 96 869 930 327 330 5 
905 524 159 362 780 727 95 943 484 744 811 927 593 722 863 938 476 872 195 960 70 273 665 557 594 917 975 137 561 657 596 354 215 759 697 572 289 653 201 301 594 75 1000 494 307 697 43 308 307 865 110 399 833 579 681 701 910 802 37 82 529 586 915 523 957 25 930 117 516 68 987 703 561 864 586 889 480 699 999 549 518 673 193 993 339 854 449 886 818 822 124 735 519 945 662 203 904 490 640 476 
210 673 744 230 469 786 161 306 595 799 65 298 217 852 417 246 745 25 496 5 573 689 196 299 723 304 492 860 996 157 494 557 372 468 281 592 456 429 113 715 71 895 211 953 721 82 845 272 796 913 149 933 110 306 974 736 738 128 398 351 465 804 241 419 160 665 349 365 79 275 744 182 629 62 697 403 297 229 73 907 964 359 547 688 480 819 112 896 244 411 911 504 532 572 765 845 882 560 171 940 
713 843 42 20 305 341 917 971 131 65 933 320 557 666 242 914 332 591 680 414 818 222 379 54 345 64 520 709 159 616 299 684 255 220 696 307 11 508 328 957 924 509 407 38 988 499 81 63 574 75 632 341 238 695 964 250 152 880 966 749 191 733 838 524 947 812 73 47 387 223 342 383 191 125 447 483 116 493 596 409 90 522 962 807 406 52 459 323 41 943 903 942 242 330 369 535 652 372 879 348 
986 244 428 418 70 170 473 663 286 185 180 863 481 420 719 803 808 591 172 243 483 608 575 28 917 368 434 324 786 636 559 71 704 980 840 398 600 395 14 180 209 851 77 499 96 526 674 671 487 235 831 61 933 443 997 194 448 706 574 12 348 227 294 821 579 797 144 984 609 401 167 350 271 962 929 325 953 186 518 550 328 604 156 843 16 713 208 367 792 444 59 485 115 592 252 326 611 273 707 834 
98 709 645 954 833 735 503 323 283 526 336 810 18 238 779 556 240 457 902 471 375 354 233 61 144 18 230 258 817 562 268 976 346 558 977 884 921 420 147 485 3 60 921 928 726 599 129 853 64 933 991 952 298 241 803 817 745 754 464 529 565 392 530 236 514 963 194 269 924 839 617 674 626 775 825 121 600 674 912 599 20 24 424 453 395 293 212 783 337 908 885 357 644 882 790 71 948 536 895 499 
406 53 458 447 617 212 812 781 458 307 678 709 439 166 469 718 628 762 233 411 977 920 95 912 120 236 578 86 895 8 828 789 413 59 716 980 819 43 968 892 638 397 974 934 411 643 395 968 905 188 372 550 997 806 708 980 215 809 801 504 91 899 71 993 187 182 275 187 59 870 593 777 446 424 339 973 878 364 155 801 160 766 687 89 864 937 925 451 539 349 238 905 871 368 439 543 978 558 491 802 
319 63 314 286 231 814 939 600 964 699 720 984 938 185 158 437 430 887 166 813 645 519 674 739 713 56 607 14 65 511 534 566 332 889 92 299 176 533 759 617 420 751 534 507 63 805 608 372 143 626 185 997 396 815 608 749 151 825 926 178 637 638 380 904 487 74 622 356 974 720 932 372 376 374 308 806 483 270 751 930 283 936 97 983 302 736 281 931 79 612 997 369 510 776 169 26 82 654 428 785 
762 863 351 239 229 910 13 437 284 457 744 766 676 509 28 106 112 711 496 167 285 857 329 728 477 928 554 702 435 203 800 140 116 727 953 229 443 461 378 919 570 432 573 606 664 881 140 129 764 462 846 6 325 645 757 906 62 24 798 936 233 187 177 935 185 718 968 633 889 723 477 449 605 581 284 867 889 541 876 954 596 606 67 939 260 77 824 51 919 678 872 70 223 521 612 38 925 969 463 796 
987 363 718 466 485 170 586 351 542 743 370 891 692 792 545 539 685 37 218 497 634 276 790 692 882 575 129 196 788 876 726 700 29 657 447 356 57 325 237 74 593 212 256 782 133 186 914 228 191 224 578 819 265 220 795 611 202 508 697 967 546 94 697 422 521 423 276 204 499 353 986 882 112 620 69 840 636 405 837 303 357 479 757 106 329 447 976 13 762 586 125 826 49 982 832 562 208 873 193 438 
717 32 698 800 64 208 617 538 123 459 844 354 56 225 41 88 320 960 608 389 699 10 124 916 928 684 577 940 91 955 145 219 35 391 275 549 973 806 676 777 971 511 79 285 968 589 84 671 504 882 900 31 324 715 379 747 584 960 119 658 978 692 225 917 678 910 633 364 687 964 533 435 767 480 804 594 163 970 288 134 848 707 311 927 604 963 11 660 834 367 168 822 703 949 852 246 644 169 223 758 
381 663 43 404 215 83 555 108 501 599 933 201 396 642 36 97 330 1 76 779 293 337 490 689 120 845 16 552 608 489 596 725 832 187 460 910 912 856 715 536 942 25 159 991 212 935 534 238 19 261 311 172 920 346 204 649 444 43 489 914 235 461 350 77 184 581 877 363 689 418 254 103 910 729 609 422 786 619 982 73 305 343 506 841 655 564 160 960 9 536 960 40 973 920 251 676 485 592 568 75 
419 864 795 965 797 200 632 241 224 892 176 39 966 57 120 415 104 356 630 913 502 998 730 469 356 515 363 837 637 466 236 61 3 938 939 700 476 937 219 676 945 520 952 689 215 413 278 610 721 63 207 100 125 42 625 853 715 350 787 770 247 482 854 839 528 263 704 367 942 540 861 318 799 361 900 272 161 329 371 367 160 989 255 243 528 489 800 80 203 605 786 302 784 642 331 768 927 857 665 325 
898 181 323 707 71 509 776 755 656 510 811 854 456 754 839 730 810 275 290 236 753 386 334 493 632 31 960 803 317 23 8 804 629 836 954 598 506 121 491 726 146 882 908 210 286 284 111 241 284 374 488 682 186 865 612 199 689 569 932 835 544 55 720 597 352 19 65 678 216 606 918 63 948 337 619 380 704 30 998 405 325 100 496 68 544 211 28 222 901 41 30 403 505 638 653 667 790 916 403 814 
706 876 540 111 837 156 822 667 688 608 621 771 90 706 347 839 71 200 374 253 798 677 479 567 273 51 560 865 525 236 124 289 224 260 629 546 744 433 303 449 888 375 587 486 2 40 848 511 233 323 580 255 835 125 709 623 768 999 817 253 432 239 670 520 408 955 738 660 529 77 171 174 898 777 848 208 933 154 24 367 756 80 855 35 537 810 862 429 517 345 341 819 665 42 618 743 499 546 131 712 
915 282 12 473 365 554 995 184 274 143 444 881 407 750 139 560 718 505 506 720 362 13 1 606 565 26 401 107 833 332 639 70 810 329 389 533 867 808 689 528 678 489 355 577 939 226 674 367 54 298 566 27 171 195 905 7 982 291 598 839 632 961 766 801 455 494 440 46 690 287 563 765 155 577 829 558 292 148 385 499 277 247 643 567 670 361 12 262 177 392 668 948 52 419 770 447 150 431 48 811 
749 549 630 300 277 420 612 765 232 795 11 764 139 946 746 299 669 295 326 370 593 531 753 132 997 238 941 908 126 224 235 670 469 554 551 943 234 610 179 593 891 347 231 456 700 796 970 863 987 727 121 460 3 349 358 107 870 7 426 819 794 587 370 425 28 62 676 862 696 466 603 573 489 626 356 668 519 663 321 129 946 643 656 145 199 757 104 163 123 966 54 551 197 673 244 380 944 424 354 211 
518 775 757 997 776 465 151 860 370 89 699 103 140 823 785 561 293 80 277 93 544 951 711 269 723 732 66 819 976 933 378 61 544 556 565 890 869 636 198 512 370 683 593 990 630 17 665 426 67 206 433 132 548 962 193 645 454 310 657 793 809 414 118 7 892 995 339 579 479 440 135 134 709 804 772 648 591 159 630 866 805 270 754 404 949 917 373 266 852 19 609 983 726 690 168 601 715 432 725 685 
101 750 274 796 949 172 334 416 726 710 196 834 748 98 627 243 606 708 482 36 650 114 111 684 825 317 692 400 646 495 247 723 949 652 496 844 572 35 981 195 319 274 694 400 166 312 750 954 211 509 220 102 115 241 164 349 21 678 737 901 96 431 882 966 770 620 758 448 750 800 850 632 147 887 412 785 589 321 779 578 285 137 701 425 650 961 289 113 149 420 675 603 739 791 432 342 593 976 169 5 
354 257 798 926 575 576 573 667 329 832 219 243 578 254 303 430 350 327 619 700 691 262 819 622 231 307 173 852 21 869 272 704 425 162 429 430 884 623 820 398 554 700 440 976 406 696 464 707 952 688 197 209 171 658 492 899 743 815 382 222 9 956 567 22 156 119 774 615 197 311 841 451 23 278 160 938 972 622 673 261 271 894 301 503 454 242 304 430 492 641 295 140 956 897 953 916 531 224 949 62 
378 1 163 850 14 830 894 133 660 95 570 729 987 920 983 774 86 671 973 623 812 711 488 78 240 360 644 986 755 933 967 974 182 101 353 176 844 576 906 145 275 104 16 781 663 551 490 125 303 598 911 742 132 709 890 131 393 581 472 840 250 140 814 61 975 509 736 817 606 311 130 993 223 728 348 585 28 656 570 143 599 83 831 775 249 191 351 713 690 676 243 597 38 953 639 859 297 992 490 205 
848 918 584 558 36 686 39 510 32 126 511 314 460 782 425 379 300 246 327 994 247 890 773 662 246 566 734 875 420 901 263 310 411 585 422 982 371 983 915 719 784 249 643 306 991 837 302 714 849 537 810 235 615 802 119 808 664 455 425 467 184 861 571 982 969 947 462 529 159 580 790 1 549 506 183 661 405 108 401 715 849 335 189 878 7 203 998 345 188 61 284 377 406 602 459 287 237 647 516 786 
501 970 860 847 245 807 77 98 388 797 888 821 978 895 269 129 570 183 666 701 502 719 605 141 784 500 282 687 871 200 211 335 579 675 317 325 666 330 52 4 208 564 941 480 834 364 317 450 434 23 636 47 175 70 653 785 29 89 781 998 402 212 743 923 765 961 662 285 725 863 98 711 18 805 462 729 820 361 929 860 784 252 76 510 990 952 262 407 470 971 151 723 678 117 804 502 670 41 95 474 
574 722 907 741 705 982 775 978 57 163 740 603 210 929 432 382 755 625 547 830 895 981 764 468 65 131 786 162 147 333 655 661 272 720 66 260 58 684 518 225 250 914 22 737 696 329 477 15 386 629 580 34 839 621 807 706 48 7 247 58 863 548 751 614 668 778 699 99 234 878 194 420 818 23 884 534 547 732 783 296 910 988 883 952 130 650 560 871 614 328 115 963 276 216 514 177 702 231 284 546 
986 472 317 951 804 275 775 308 136 429 152 346 353 698 597 378 934 899 569 776 627 614 681 534 160 495 505 887 368 867 687 566 857 153 898 953 31 445 848 94 435 500 181 965 67 343 106 778 349 250 372 947 740 304 26 335 476 222 736 907 346 249 739 986 315 972 706 851 552 912 722 706 461 809 730 271 957 239 179 603 608 59 429 243 856 436 336 948 942 388 401 740 722 99 36 914 718 598 202 2 
285 396 751 206 455 614 648 59 369 274 642 942 744 443 855 197 163 957 137 731 115 624 688 284 382 593 994 633 757 419 208 86 481 349 897 867 761 394 769 565 725 21 437 964 738 725 242 389 673 371 796 543 903 625 316 646 791 746 208 714 623 523 229 851 387 365 214 832 677 529 977 621 73 245 434 454 724 133 255 221 726 520 513 83 532 123 593 185 765 776 693 392 10 659 959 141 961 953 407 885 
129 240 123 197 55 848 242 636 72 856 247 47 244 913 418 559 122 103 68 566 356 487 752 98 124 761 543 17 18 626 503 176 146 392 892 294 245 246 603 365 484 882 449 350 684 610 6 222 914 825 199 58 916 319 329 891 973 807 148 562 130 716 900 818 548 898 980 141 57 983 930 203 86 898 7 537 788 607 643 635 509 263 73 29 604 940 253 47 199 563 744 384 198 1000 746 503 37 10 345 723 
496 340 732 90 992 339 619 512 675 897 560 294 510 573 582 690 332 242 791 981 512 767 25 211 613 43 369 75 923 676 895 796 485 630 755 387 499 754 207 157 567 505 255 155 961 505 718 412 553 773 730 709 625 517 684 431 334 599 577 51 953 132 988 430 399 331 34 708 68 626 694 136 552 743 850 576 613 402 908 752 392 808 692 112 671 663 143 325 972 116 584 915 455 441 440 540 12 286 232 189 
842 216 726 313 698 380 646 947 402 482 431 648 20 595 414 263 891 733 629 239 464 964 32 875 351 109 447 590 384 523 956 440 403 768 285 383 214 815 837 28 295 647 712 494 25 204 463 930 71 356 890 945 826 918 900 973 743 816 223 851 858 654 69 128 183 485 540 873 584 148 789 613 87 593 812 900 657 397 743 748 49 752 131 541 117 320 426 848 149 314 47 432 901 609 686 26 582 968 661 494 
738 108 548 901 977 942 395 205 727 184 127 773 796 974 224 643 213 490 532 478 938 816 385 992 572 867 232 610 825 392 250 198 153 75 836 733 719 548 344 235 800 213 897 138 465 274 50 656 579 465 699 614 102 798 316 533 268 96 519 169 902 630 338 884 877 496 691 664 202 571 827 230 278 491 90 907 444 18 643 114 973 519 805 949 298 466 209 537 578 440 831 989 980 717 645 878 184 179 347 578 
713 431 840 808 339 408 308 248 148 14 568 255 546 582 787 105 421 254 53 562 482 638 624 479 117 351 398 238 66 28 597 386 280 94 158 571 875 998 810 710 964 196 832 214 519 904 979 275 858 306 946 112 463 560 650 952 511 758 16 203 542 548 53 853 398 736 253 374 120 838 597 80 130 637 250 438 31 388 846 80 565 216 772 211 974 883 669 391 183 750 770 560 261 689 712 341 865 51 813 475 
604 82 917 605 298 240 426 652 834 188 660 48 27 202 30 8 990 999 325 392 856 598 454 412 991 219 371 82 472 284 836 309 335 419 924 577 535 503 450 428 743 304 965 261 73 447 605 314 670 102 850 330 862 896 655 752 383 581 996 296 577 806 459 98 199 308 677 997 156 864 107 358 20 461 34 961 72 410 169 287 597 101 719 672 561 59 930 403 476 157 740 339 478 219 208 880 633 30 468 924 
572 780 262 483 896 299 813 866 819 784 207 548 706 133 486 587 554 43 774 182 973 891 578 650 510 195 141 682 747 439 227 678 830 684 142 27 63 334 55 173 664 17 695 739 695 496 740 65 472 234 989 301 112 556 539 768 58 98 427 759 822 440 4 76 798 112 850 287 578 938 376 157 646 370 25 986 858 2 649 258 848 4 351 154 398 496 609 244 9 944 392 944 582 643 560 846 214 414 734 289 
952 952 832 656 863 505 708 601 573 854 297 974 39 165 46 133 446 116 895 717 660 313 825 357 438 666 152 493 392 697 61 469 727 893 653 304 557 234 839 998 86 770 440 24 777 748 607 111 426 29 841 643 74 953 46 656 561 274 462 512 69 407 7 13 817 358 448 592 457 190 549 150 581 134 75 434 872 686 471 959 907 638 64 321 965 41 139 211 997 553 899 229 403 706 20 324 666 658 89 77 
717 665 298 717 391 498 893 492 341 616 928 598 178 643 102 529 844 797 81 357 821 2 294 194 182 821 252 869 56 751 122 431 264 311 697 153 723 418 520 815 907 808 9 110 162 841 324 57 87 921 562 576 97 387 519 938 538 813 858 299 795 635 274 378 415 476 121 200 791 434 302 841 218 545 136 170 560 44 890 199 748 34 873 579 492 144 570 534 963 528 719 178 941 776 919 901 764 640 266 129 
606 187 884 335 718 235 355 973 337 68 665 675 37 144 411 917 932 573 923 5 575 557 829 448 925 803 771 237 909 801 543 497 260 67 963 60 97 558 775 155 905 848 700 686 393 941 612 637 903 810 438 639 698 15 884 28 650 92 6 277 961 862 28 921 425 27 340 635 315 858 206 194 605 893 406 947 995 265 693 631 237 881 932 370 687 728 415 1000 32 211 708 438 773 219 376 777 572 691 800 889 
74 576 104 244 594 422 601 66 466 664 508 290 373 548 940 610 179 859 930 56 152 235 631 177 610 353 834 973 605 919 459 177 168 662 670 457 579 583 874 665 437 844 264 69 834 435 92 933 467 56 214 852 628 288 944 478 624 893 48 388 201 8 680 648 363 697 550 751 177 247 784 585 173 931 856 209 771 564 231 833 713 830 412 70 687 196 717 693 254 225 246 138 101 910 730 590 534 463 453 729 
54 304 761 86 254 412 485 218 237 829 224 456 121 778 67 631 295 128 77 585 695 805 738 254 596 964 596 297 861 421 274 963 418 314 471 695 969 638 361 64 143 320 42 877 654 466 527 703 931 836 795 19 882 418 654 696 422 891 700 885 496 404 991 181 69 556 774 20 890 617 202 331 368 849 669 841 525 804 238 393 980 569 625 68 637 858 540 164 224 163 563 424 529 70 213 473 861 345 710 695 
397 677 978 868 612 856 427 305 295 345 948 421 887 989 738 717 152 117 213 766 224 779 805 481 609 610 594 114 651 73 27 519 508 34 539 542 224 479 110 921 410 183 165 239 390 557 408 68 778 489 529 981 321 415 907 360 778 431 580 698 13 446 463 502 177 41 274 278 466 354 602 681 128 649 738 645 715 30 119 256 94 373 162 11 191 975 360 331 75 317 485 658 158 158 474 656 953 198 228 933 
809 531 688 742 130 984 48 29 482 135 715 607 114 330 774 555 155 756 474 297 157 843 698 668 340 54 830 56 759 814 278 541 825 570 16 468 149 660 261 89 310 201 748 832 243 270 854 286 313 259 762 157 182 830 749 198 955 345 353 141 621 978 32 750 863 420 559 844 383 820 426 990 637 503 338 816 709 968 439 428 491 976 390 474 741 969 288 5 624 848 456 183 98 42 224 304 725 529 81 891 
813 190 741 76 90 653 748 760 652 598 121 301 736 189 277 548 280 121 713 134 688 314 687 534 932 948 611 389 404 265 511 598 112 77 860 869 421 98 438 678 269 868 764 509 542 89 842 131 11 366 9 279 23 754 848 107 232 79 961 931 882 774 760 30 830 894 257 969 75 880 669 904 811 643 166 400 14 564 229 472 944 685 107 647 391 521 399 876 997 920 770 252 5 602 137 22 477 604 289 208 
253 951 28 972 182 329 799 408 790 899 921 813 78 267 609 657 685 101 180 602 678 738 491 328 88 550 486 912 384 88 348 432 346 591 744 272 744 364 953 346 364 630 6 32 945 228 619 86 917 66 771 179 237 133 40 708 422 780 786 296 692 269 517 634 407 73 804 231 292 30 773 687 449 676 502 821 480 792 249 715 308 424 148 962 807 245 189 261 431 930 535 617 846 982 678 249 766 735 122 567 
478 598 97 437 272 396 110 96 648 378 756 362 160 948 448 498 296 87 46 813 75 129 843 602 371 330 653 780 442 818 501 38 409 875 320 618 749 275 782 111 867 525 510 552 2 139 518 732 150 25 816 177 547 135 598 785 514 771 573 349 619 334 473 77 391 419 752 397 537 98 372 286 106 859 809 39 526 411 953 90 74 911 596 919 941 551 399 832 326 660 749 878 858 429 238 726 988 164 937 682 
533 330 766 218 255 560 223 201 407 196 122 962 850 485 931 242 697 301 978 843 388 890 427 398 688 484 298 653 715 892 625 960 8 30 429 886 911 126 364 154 840 298 170 603 736 921 588 519 804 218 97 222 86 237 890 151 89 757 292 488 960 479 985 461 460 25 557 115 1 247 916 519 474 42 264 519 39 134 312 521 308 27 555 715 257 965 620 211 27 712 75 442 235 417 197 215 572 253 525 159 
613 161 677 532 714 993 725 845 235 218 651 554 915 921 508 707 555 195 484 639 274 887 161 688 406 54 764 793 676 919 169 299 942 748 232 545 613 44 909 269 567 405 754 721 130 752 789 106 830 880 334 749 866 550 229 36 814 99 385 491 99 785 824 838 585 954 147 77 905 287 517 718 332 842 37 140 787 488 465 109 211 981 587 95 423 258 211 912 181 344 564 347 126 389 552 639 20 567 65 521 
938 349 81 408 24 658 471 891 676 602 992 988 190 486 347 138 326 135 984 351 443 723 581 26 236 214 346 256 683 397 831 87 180 880 567 111 991 877 737 527 975 580 63 219 733 859 294 428 459 118 303 443 425 320 782 983 36 830 21 487 813 473 924 235 343 533 498 201 370 347 751 358 160 634 517 344 209 956 453 683 895 581 567 329 342 361 415 660 159 410 160 407 732 549 358 217 271 817 607 532 
930 438 691 833 185 211 276 316 666 609 427 972 114 278 599 711 101 402 544 919 37 543 189 245 84 184 1000 408 920 22 115 788 903 415 146 231 860 272 435 849 657 444 89 755 941 49 569 320 531 925 543 381 975 653 727 141 228 699 454 137 466 29 743 998 838 199 765 935 902 766 1 37 612 202 183 604 142 67 60 634 408 883 295 921 853 64 638 963 792 120 171 733 503 739 821 255 973 420 935 482 
932 286 706 97 761 34 175 934 735 507 145 613 796 611 419 57 857 392 169 443 663 263 838 549 83 369 426 362 155 635 600 807 134 939 451 76 427 320 554 938 569 809 867 370 4 46 255 127 637 385 491 230 469 594 555 375 724 921 707 973 529 508 451 10 455 159 201 937 790 153 812 609 143 140 455 971 600 721 340 876 609 775 784 407 752 631 276 93 21 915 171 345 550 157 244 333 417 294 770 24 
946 540 369 235 529 488 749 410 975 847 785 805 598 903 893 602 149 738 653 750 80 931 785 845 396 279 163 458 1000 337 303 908 332 62 119 353 751 486 423 83 997 708 653 100 409 487 767 671 109 698 465 963 508 329 578 85 95 280 870 793 597 779 672 627 654 493 252 379 450 342 674 983 466 714 280 102 231 224 305 380 866 440 676 730 979 369 859 137 394 810 523 867 221 501 322 596 734 508 169 891 
161 439 928 659 836 69 264 762 929 778 663 169 840 141 777 447 366 497 158 815 110 740 837 379 613 762 369 534 323 894 754 453 424 206 270 263 714 646 733 7 426 666 463 694 99 140 178 197 69 816 549 64 360 379 282 252 254 563 258 18 278 237 1000 526 211 864 352 744 432 655 60 139 839 355 641 756 667 425 782 609 59 867 918 848 283 635 256 167 669 853 851 962 265 654 435 259 299 910 217 139 
554 719 909 291 867 408 95 420 34 321 345 6 758 234 339 555 545 545 208 567 488 357 169 596 285 878 433 831 321 647 722 468 873 95 177 868 879 47 616 988 142 80 754 163 901 391 487 85 325 377 331 820 11 997 707 871 744 10 953 682 793 899 737 855 205 350 945 227 124 476 664 762 693 734 375 23 712 467 43 610 498 991 293 418 189 823 611 878 122 855 541 924 587 317 443 492 234 315 649 27 
344 608 535 719 405 531 382 919 526 820 875 146 846 503 309 61 11 13 257 987 465 763 3 243 576 431 323 340 279 384 437 116 37 660 840 884 296 366 208 601 203 243 527 608 445 331 251 730 9 430 23 706 69 49 199 76 108 461 975 137 907 575 899 689 21 553 37 463 15 960 319 692 342 749 59 958 907 99 527 933 725 356 906 556 96 1 694 89 675 551 52 360 503 111 168 925 368 295 58 931 
770 813 75 670 863 357 574 886 541 558 964 546 126 471 668 161 861 956 58 95 842 483 995 652 629 573 255 254 897 663 733 947 386 519 527 751 230 964 904 270 625 895 191 338 33 747 525 468 249 403 590 669 488 877 928 66 808 723 32 182 781 943 160 41 139 466 984 247 349 246 210 131 971 957 48 456 892 42 56 792 386 355 574 65 697 882 359 69 98 157 219 625 394 814 56 533 335 522 695 871 
246 173 43 971 903 93 404 560 627 573 342 299 63 990 358 823 185 896 904 883 567 628 673 785 246 529 445 92 645 956 985 730 267 251 356 945 361 576 612 365 523 971 995 535 455 148 877 78 817 857 169 115 264 770 65 240 553 820 332 669 238 575 572 351 271 695 852 2 253 753 824 567 666 714 624 484 434 349 890 998 381 958 496 674 224 940 84 202 504 258 986 562 44 612 378 322 295 530 358 611 
148 88 650 942 166 774 946 788 536 896 714 571 680 389 396 946 211 720 474 756 654 22 255 355 447 963 700 348 441 456 216 268 355 301 756 268 460 288 183 387 478 425 565 789 312 370 475 654 689 722 845 754 590 253 834 509 98 25 482 901 886 513 521 620 418 102 775 381 612 83 852 94 474 674 897 189 300 425 929 628 270 42 261 684 577 603 992 930 176 909 273 447 86 510 638 97 868 117 776 485 
549 143 37 8 558 389 162 45 235 453 918 613 198 899 843 600 646 798 919 98 406 909 965 911 549 774 139 97 636 277 971 805 1000 961 326 79 6 88 594 770 260 885 374 635 599 201 179 310 602 283 98 319 708 344 241 541 230 840 632 477 107 682 185 343 334 732 90 916 849 828 183 465 217 178 398 246 151 282 479 269 793 687 394 834 18 332 775 982 295 134 596 929 90 929 517 136 19 119 692 352 
58 495 163 976 925 998 533 525 830 359 978 34 940 145 938 491 459 847 564 686 268 519 225 814 407 377 137 673 478 189 523 85 940 850 305 333 733 778 416 344 608 532 718 499 145 372 440 965 386 201 868 461 613 686 497 806 648 77 435 959 178 198 313 278 358 288 687 835 796 498 884 395 587 185 767 779 684 788 455 605 167 508 711 740 880 340 471 547 810 718 22 485 868 653 585 706 845 552 343 652 
489 978 793 352 324 40 310 79 592 990 486 368 213 414 738 914 691 371 136 239 395 42 973 16 977 370 32 266 272 66 522 62 906 414 820 202 567 103 988 875 988 350 819 496 831 318 995 137 897 46 678 414 766 221 944 35 951 928 638 663 218 267 886 306 121 77 43 756 447 181 314 725 279 325 152 539 367 421 250 335 820 226 95 872 606 868 273 97 362 22 533 531 503 402 703 177 145 266 337 671 
923 153 234 37 846 100 165 266 9 442 928 264 710 681 87 255 362 901 656 213 50 767 390 100 421 770 582 402 340 739 116 843 940 13 29 549 661 127 843 953 736 236 343 637 417 261 321 121 399 177 268 234 589 59 912 845 185 509 417 218 586 731 50 440 920 51 793 929 507 268 863 305 139 801 448 650 765 687 453 392 633 77 455 193 286 322 177 583 951 826 185 286 437 737 672 310 865 435 443 523 
58 475 389 489 955 621 778 552 376 673 819 220 969 93 115 497 589 126 382 533 751 241 512 961 883 841 975 654 478 509 836 203 302 355 897 741 564 895 164 69 98 544 294 640 361 364 707 857 239 719 125 887 627 82 645 375 346 200 881 873 936 21 710 523 41 661 344 923 29 287 109 980 131 132 715 300 669 11 5 752 606 672 30 146 766 492 599 899 856 148 518 346 957 817 83 972 899 57 983 368 
118 490 674 95 575 469 719 997 387 317 279 368 740 261 12 280 998 712 7 347 833 469 900 701 61 583 402 691 684 584 203 210 54 791 262 862 600 273 51 934 199 348 719 368 462 834 655 775 636 888 792 677 371 510 325 777 348 657 242 914 209 739 919 201 393 905 169 986 108 458 13 706 874 996 520 539 8 515 49 264 427 52 197 253 726 888 287 420 302 840 298 5 94 146 52 847 287 126 717 537 
280 161 745 782 840 445 834 627 577 91 345 832 527 306 497 685 427 569 43 311 709 220 475 162 386 811 468 330 352 436 24 782 687 517 763 950 5 591 428 471 736 686 581 969 559 211 618 494 242 768 566 443 195 578 30 818 186 722 867 393 47 942 37 27 643 551 45 627 338 777 809 670 524 501 42 196 442 709 571 62 784 833 703 405 149 511 776 827 297 451 169 240 645 804 689 799 25 155 170 461 
838 95 108 554 691 589 367 757 242 461 756 942 23 30 396 51 618 607 346 795 896 543 95 59 504 128 453 313 889 113 95 285 744 729 389 652 115 56 677 769 13 616 514 339 217 256 286 291 550 253 995 660 691 179 444 976 226 685 889 403 852 300 918 197 346 811 13 752 458 834 876 490 454 139 159 464 524 78 404 285 567 650 330 19 464 573 526 301 952 197 2 826 769 884 111 249 682 721 137 418 
138 293 800 665 882 37 365 221 79 25 63 247 648 60 988 965 979 366 883 997 374 829 734 482 622 491 196 846 589 738 285 173 827 502 766 635 371 706 159 910 247 156 432 250 183 916 59 100 676 934 294 435 607 499 572 636 682 284 439 58 283 298 793 11 716 817 425 525 125 643 511 400 882 119 859 543 701 860 218 943 620 205 106 817 882 14 647 598 614 975 273 533 459 175 312 275 474 625 452 169 
534 783 771 215 677 881 632 266 244 643 926 311 15 470 192 44 243 862 597 843 604 331 307 158 290 132 426 799 25 591 26 342 906 332 756 76 94 259 815 50 738 850 198 944 924 574 570 463 724 350 445 925 799 527 468 721 929 150 183 649 721 656 952 416 67 457 412 574 749 270 957 154 549 161 925 665 21 469 544 449 592 395 291 858 321 795 126 447 760 280 389 630 73 265 555 631 838 528 425 920 
635 958 369 682 153 420 428 385 565 814 32 899 897 107 918 367 680 645 807 29 653 541 366 408 653 210 787 822 973 895 872 786 852 679 799 626 439 63 503 252 352 983 993 579 852 783 437 182 990 939 9 298 92 329 407 224 995 541 884 241 88 179 495 153 456 947 741 762 994 264 881 811 206 940 452 176 405 514 668 141 824 383 120 466 644 585 66 980 347 829 78 748 934 380 613 575 476 103 239 764 
887 339 258 649 426 8 929 568 444 947 600 18 640 603 966 156 884 223 503 293 750 882 279 506 115 871 682 303 707 709 635 761 551 580 56 736 102 991 740 440 690 682 315 392 20 490 992 74 866 684 641 522 154 826 629 885 533 520 689 485 799 799 635 952 89 943 787 300 479 682 230 603 920 369 168 3 895 339 233 73 900 651 995 893 886 347 876 307 498 611 623 902 489 272 124 381 952 653 922 350 
581 585 484 765 841 933 649 57 641 485 190 253 490 212 956 820 506 730 303 414 166 717 100 259 700 739 887 629 173 767 212 965 842 691 537 456 375 403 826 995 795 429 214 68 641 418 10 221 580 485 54 548 862 131 454 519 28 492 386 897 305 722 874 980 17 253 950 232 366 3 409 414 355 420 100 611 328 496 368 717 560 143 530 419 494 799 277 445 141 519 9 210 620 845 879 399 678 829 684 88 
775 194 900 575 603 974 555 32 801 786 120 911 225 297 200 465 132 384 694 573 720 189 379 644 255 543 778 605 814 125 377 346 968 269 761 373 42 255 924 928 15 824 667 15 441 985 646 35 670 595 976 784 301 46 203 189 161 652 723 658 59 166 540 773 260 968 71 502 523 34 132 695 301 624 414 727 459 62 782 11 683 357 748 342 206 888 674 867 316 542 842 566 398 785 729 476 499 605 426 567 
423 492 56 801 255 539 543 973 974 487 112 105 315 762 911 600 84 505 851 65 888 310 516 544 403 500 609 377 156 860 939 247 928 711 329 375 595 704 540 307 479 821 252 107 492 382 569 870 241 847 311 556 90 214 671 579 309 707 660 494 632 458 569 275 182 615 619 243 521 688 48 687 28 801 815 342 738 700 2 613 869 653 941 794 285 229 429 352 128 355 206 356 489 121 34 296 313 859 823 354 
599 459 791 630 277 25 976 819 675 657 774 462 642 252 958 300 618 96 486 491 118 570 284 900 933 114 237 304 658 365 498 363 892 729 49 971 656 167 281 768 294 829 186 298 78 418 145 292 494 656 554 783 99 154 565 97 74 911 993 319 879 480 704 722 81 548 438 233 826 997 637 886 958 126 138 185 653 636 97 642 716 370 700 933 192 256 880 174 387 677 255 839 616 748 867 71 959 606 229 974 
803 736 368 639 458 898 359 224 906 114 741 396 766 550 361 744 195 116 994 533 379 577 179 227 835 21 112 814 441 968 337 579 908 168 701 145 394 192 136 509 394 959 435 159 717 335 82 89 369 274 157 967 375 409 548 927 853 203 726 618 888 671 111 983 783 935 544 714 633 346 783 208 331 101 785 807 685 655 262 241 930 672 14 448 315 757 555 622 770 22 803 34 313 801 765 64 455 284 626 89 
649 502 95 107 1000 727 948 137 194 406 540 695 199 4 167 21 982 410 650 460 281 432 908 327 543 878 391 434 780 32 221 195 663 638 962 610 902 242 102 545 963 399 557 864 185 18 545 815 395 744 164 522 729 44 875 801 29 807 426 646 601 322 958 755 474 638 801 71 98 529 246 981 696 87 465 407 421 309 400 601 838 515 997 805 451 423 259 343 692 577 165 268 620 963 353 88 753 316 25 754 
863 947 489 730 963 204 462 276 723 607 260 601 641 230 834 108 999 782 264 821 241 287 231 354 8 513 394 129 452 332 129 69 598 976 938 437 894 652 738 207 791 389 45 693 390 812 227 809 924 239 575 393 516 989 501 556 86 16 829 200 226 761 549 215 957 372 357 874 610 948 806 621 322 673 79 71 832 683 119 880 130 878 904 414 400 952 580 110 738 673 661 110 365 742 921 909 939 395 534 156 
445 782 642 528 543 970 332 454 849 917 259 488 542 232 624 956 983 480 587 435 520 586 110 416 326 997 257 216 115 815 744 511 785 77 184 994 403 702 34 914 925 154 215 183 769 1 327 138 114 680 357 291 966 880 957 821 405 31 248 988 109 85 509 99 649 685 106 823 980 298 339 614 586 595 803 687 129 808 750 709 566 584 192 254 506 407 257 825 874 305 761 833 318 188 29 546 997 276 735 671 
592 399 360 489 116 890 769 949 109 860 129 747 630 85 253 133 156 231 203 107 20 948 936 926 965 860 71 397 32 799 706 480 167 853 581 731 226 375 989 360 919 703 98 985 910 296 918 568 500 439 870 174 174 217 707 948 342 567 276 651 314 143 817 272 807 265 636 73 290 763 258 114 676 782 156 623 468 22 699 848 965 664 742 151 361 281 307 299 519 120 48 180 17 200 558 474 738 19 993 346 
257 515 935 538 740 283 845 677 322 726 615 642 803 984 267 915 426 621 556 712 124 702 243 423 271 565 190 908 41 122 14 735 589 105 81 116 80 789 754 377 686 710 667 533 876 936 911 8 256 129 853 937 320 13 531 960 689 336 267 143 96 51 176 533 188 42 665 69 544 358 906 683 132 903 237 604 642 226 337 234 351 148 650 20 111 91 470 578 629 624 60 133 412 472 915 410 907 73 246 846 
934 937 518 96 512 247 654 482 577 395 829 794 712 301 707 189 568 613 191 191 978 186 999 757 285 688 643 393 874 842 12 313 575 577 448 220 559 54 460 832 352 958 202 625 584 923 505 35 64 425 85 456 80 142 47 349 332 255 418 400 769 499 47 380 869 688 527 982 514 44 433 127 651 51 663 608 17 38 846 725 142 772 21 899 375 689 633 809 69 277 219 465 565 957 142 837 599 52 727 724 
526 248 701 86 986 759 852 842 238 353 198 231 894 695 387 522 564 935 925 696 570 277 725 547 498 580 193 852 25 783 240 413 141 767 824 211 476 56 751 451 124 476 135 402 560 6 380 406 29 370 979 185 91 337 969 745 595 708 780 82 736 7 142 126 144 494 426 775 802 777 772 370 682 479 336 586 292 94 519 789 418 852 789 955 569 450 271 834 183 219 901 580 113 420 341 332 896 143 801 512 
505 863 856 787 335 735 271 856 105 549 248 429 510 488 912 836 217 888 626 639 333 895 17 838 950 687 388 596 289 997 1 641 415 765 850 416 678 481 616 720 91 747 724 571 969 752 728 923 107 934 483 240 920 331 581 539 757 223 829 849 728 15 180 218 739 789 161 55 36 681 512 23 524 110 348 158 82 468 428 770 860 43 29 676 717 143 344 282 33 884 247 808 895 42 62 700 962 520 322 389 
975 465 426 922 770 951 675 718 177 492 733 661 445 449 358 959 310 994 487 630 243 313 585 20 943 565 601 194 42 853 128 878 259 467 53 91 71 272 174 660 524 973 846 106 78 419 120 363 170 110 813 108 239 661 679 213 270 516 973 691 467 209 782 201 440 591 211 804 62 790 932 955 728 937 867 643 210 949 804 590 18 553 390 974 95 989 735 353 593 75 802 378 986 229 584 940 744 905 500 520 
826 345 427 877 386 399 376 118 167 224 76 261 105 722 215 713 573 474 109 383 507 679 941 899 205 950 198 703 838 614 993 176 905 963 990 229 434 697 614 139 392 562 989 751 783 942 649 257 28 951 951 458 227 629 191 383 256 105 590 107 835 559 6 19 277 688 242 651 313 283 785 59 517 168 126 912 127 58 927 727 677 336 529 294 88 420 460 188 659 345 606 576 197 131 11 574 392 96 738 46 
739 52 136 372 151 154 127 333 11 728 305 23 814 193 259 845 348 113 257 483 818 361 21 113 396 461 566 116 915 207 580 634 924 102 47 355 363 928 307 841 542 688 247 680 737 655 34 558 572 656 691 878 657 828 690 910 800 336 435 887 72 203 555 738 230 396 465 138 103 54 797 423 466 691 760 594 981 240 455 573 901 895 356 219 389 813 802 679 330 112 11 159 167 512 771 77 647 314 933 824 
141 181 963 596 19 165 44 740 606 82 977 740 552 652 24 285 331 251 490 852 255 123 686 587 99 625 19 44 963 403 631 596 568 695 442 560 814 769 100 573 310 287 237 110 620 452 685 95 617 241 820 1000 226 528 609 74 296 210 883 18 783 77 835 741 199 402 974 622 377 133 849 939 516 151 46 323 579 834 255 955 950 5 329 956 421 173 965 70 543 285 180 384 992 664 205 989 282 129 912 125 
991 610 884 746 822 988 607 91 862 400 831 407 602 349 956 653 117 531 489 122 693 843 862 353 503 794 717 993 171 714 592 585 757 8 914 374 44 989 844 601 788 916 431 575 592 253 290 182 79 750 992 787 874 68 771 889 315 263 719 967 434 811 307 131 710 170 36 587 276 880 449 946 231 252 996 353 25 69 13 620 920 841 585 408 987 515 928 714 275 233 884 856 871 572 521 531 82 301 997 355 
29 653 105 982 397 846 606 139 385 647 210 544 654 280 221 230 377 677 965 855 515 636 771 136 870 681 381 858 686 280 110 335 914 684 428 176 84 623 810 489 496 709 320 802 704 172 757 653 623 899 283 46 833 185 13 79 653 218 751 728 701 869 425 529 318 625 651 271 901 130 554 459 98 577 749 979 984 666 141 801 802 503 744 137 310 946 111 132 631 631 361 998 404 560 887 875 21 923 479 208 
893 46 918 243 939 18 629 932 992 968 894 982 215 308 755 305 697 416 811 349 309 643 569 184 42 872 971 237 322 965 304 822 505 480 694 567 930 245 915 720 84 994 660 486 784 315 941 204 697 213 167 533 983 519 202 954 246 210 912 312 348 119 259 486 726 752 533 484 870 76 622 511 21 979 624 920 508 294 453 73 65 780 41 735 324 394 575 341 891 107 172 997 757 518 600 445 636 635 342 466 
908 731 188 520 333 661 88 327 192 327 763 650 379 461 573 27 494 672 479 674 597 771 835 979 368 744 463 900 494 343 957 650 182 658 654 603 716 78 414 452 931 733 680 406 925 795 450 692 71 766 415 498 694 871 998 495 228 588 154 115 812 933 348 747 443 515 473 510 916 39 839 939 388 917 800 608 232 307 36 971 516 865 604 56 428 571 743 583 4 895 905 14 144 111 894 128 291 744 564 986 
499 983 934 316 313 957 210 837 995 546 728 527 918 889 614 302 963 772 697 983 217 897 611 782 5 970 522 642 791 941 578 570 313 825 481 186 736 352 634 379 820 562 44 595 826 322 886 957 738 261 773 952 1 26 452 969 200 177 558 196 174 592 540 20 726 51 633 587 407 184 263 4 636 32 387 751 177 969 501 877 36 698 154 645 999 736 5 231 149 194 262 217 76 372 554 710 241 708 425 343 
979 970 900 963 697 505 563 352 601 674 263 605 558 274 616 993 119 598 396 938 446 676 724 214 49 284 615 694 594 844 338 878 485 192 985 5 542 62 286 507 143 480 450 675 1000 493 510 685 832 749 692 820 695 681 232 19 495 885 431 616 396 839 388 845 533 944 636 225 791 496 275 825 922 548 961 430 909 674 988 399 679 499 865 428 104 220 536 322 243 776 383 243 67 319 137 197 151 328 435 728 
690 395 144 804 390 925 311 419 525 965 113 134 213 680 217 890 344 666 169 882 895 827 187 934 513 865 393 926 975 20 451 13 339 585 401 872 148 43 191 958 521 281 432 286 937 811 146 760 580 221 148 236 269 744 597 195 211 779 639 880 590 597 679 889 462 271 987 200 591 792 318 418 561 157 338 54 833 530 958 892 400 385 644 785 987 283 29 948 665 647 455 416 336 133 487 331 599 31 807 582 
160 594 297 695 423 930 952 282 894 833 94 552 514 52 334 343 711 655 215 804 836 238 292 442 950 894 393 365 545 887 584 223 485 794 82 664 755 823 855 412 745 624 891 624 964 693 846 423 778 120 585 854 305 550 692 883 84 664 463 639 713 303 163 160 782 272 7 191 112 212 873 423 364 926 496 575 313 981 227 359 826 643 469 145 124 754 977 676 910 457 73 512 159 108 557 832 702 203 861 130 
721 400 709 813 255 112 485 320 176 216 143 331 917 662 387 374 30 685 534 48 450 220 415 904 958 909 18 75 45 180 512 178 116 223 89 175 308 551 898 622 78 746 710 402 670 996 276 340 661 937 403 418 875 893 442 529 889 489 321 626 300 857 414 432 126 780 797 665 34 101 532 756 267 200 914 56 119 421 902 674 396 316 324 666 49 112 820 806 339 181 604 340 604 904 161 281 645 954 878 56 
209 307 943 666 913 639 847 383 114 359 750 403 983 348 819 528 906 204 398 365 46 249 281 910 822 729 321 595 721 114 988 518 267 826 551 468 183 387 9 124 820 131 807 64 896 983 829 312 273 60 567 83 463 806 421 563 833 852 146 111 78 15 499 462 397 360 725 105 41 421 37 69 520 980 499 406 205 573 651 107 566 95 762 717 690 905 298 925 759 333 688 620 648 359 578 106 732 692 940 750 
671 941 199 668 985 307 895 421 931 606 130 462 718 353 75 986 954 814 131 563 497 115 87 522 445 566 363 824 126 737 276 735 291 635 965 200 975 889 131 840 182 254 524 848 933 406 419 478 300 303 378 556 279 842 65 271 649 783 108 819 835 246 606 359 13 857 199 128 310 154 871 192 305 542 85 735 399 326 367 465 895 985 45 697 12 332 342 810 974 487 88 999 663 757 278 113 707 363 636 67 
482 837 635 722 983 840 817 816 648 422 897 358 473 817 333 566 436 337 525 215 70 486 532 535 581 129 611 581 294 322 364 641 269 52 882 793 162 546 480 208 607 351 328 342 803 693 117 325 592 717 683 843 807 102 824 485 909 315 156 745 585 919 610 105 502 389 664 459 227 665 150 782 360 694 863 699 578 267 412 999 222 936 302 281 30 123 92 216 782 688 444 523 62 776 283 233 340 869 951 275 
405 550 3 56 716 237 886 974 740 274 734 52 941 232 381 53 450 539 684 1000 869 986 799 127 126 17 231 14 889 228 709 992 348 294 982 441 372 745 859 478 910 487 200 349 64 367 707 628 358 681 846 219 319 470 247 586 534 181 336 989 345 163 65 542 669 453 285 197 721 107 600 181 27 124 339 150 552 758 150 921 608 263 672 444 37 159 785 88 935 530 337 651 227 403 600 267 410 236 653 946 
897 762 206 16 537 265 633 507 336 40 200 275 649 307 99 166 752 29 781 706 374 513 760 81 5 687 388 790 484 649 809 429 586 799 52 576 301 738 462 507 871 831 833 762 573 207 132 407 748 891 430 325 698 489 528 640 522 896 757 387 842 764 780 509 286 674 140 600 326 29 158 454 383 223 997 678 263 680 602 186 25 281 589 275 749 776 345 479 843 746 275 612 197 661 999 989 138 865 590 843 
293 180 584 596 248 144 214 477 107 887 875 784 690 540 214 200 60 812 93 974 561 541 780 403 838 897 184 678 598 280 199 833 836 451 516 72 147 408 191 482 539 80 717 760 953 251 231 72 684 609 857 261 697 576 867 127 262 38 862 101 992 952 801 252 745 802 386 463 749 378 934 307 571 244 177 326 593 574 424 225 874 388 132 245 62 9 422 924 7 297 98 547 86 702 169 164 545 826 360 682 
856 600 455 499 582 730 208 179 245 966 213 744 233 21 914 143 730 303 308 983 82 795 778 175 992 993 407 115 195 485 60 545 208 366 500 638 298 252 713 780 150 259 926 818 516 772 595 298 399 804 729 319 976 70 25 908 732 421 880 111 220 699 35 123 980 515 825 294 945 164 814 351 586 915 123 897 238 661 858 92 3 910 234 247 820 987 631 484 379 233 620 599 684 935 512 254 756 104 597 782 
989 17 656 119 494 530 296 757 471 960 547 127 61 899 108 649 825 105 490 156 646 270 271 198 950 824 96 315 863 138 643 815 98 533 281 662 408 423 231 998 449 16 407 256 701 916 627 984 783 453 171 454 900 562 832 347 331 951 133 29 918 614 311 416 599 917 155 276 39 432 569 777 720 867 649 116 417 789 576 147 713 184 725 829 453 851 672 228 346 664 607 594 641 424 509 483 194 525 768 7 
918 444 392 872 724 134 676 217 806 240 864 216 755 888 945 454 736 958 971 263 541 448 18 816 5 725 375 548 703 915 528 19 773 805 936 738 459 940 93 50 814 711 748 483 514 682 545 49 382 318 543 903 531 998 269 768 698 376 382 786 939 329 396 728 543 712 71 250 567 166 423 929 941 576 946 661 749 876 117 505 519 841 103 323 388 611 723 852 503 599 304 806 162 422 114 726 422 497 855 128 
87 807 980 134 351 88 782 129 719 689 91 337 764 259 539 144 980 775 560 965 464 310 512 272 102 506 659 396 722 682 166 325 813 606 705 525 453 876 125 603 691 682 582 414 683 241 999 231 855 851 471 152 923 158 305 510 5 908 180 562 124 408 155 508 266 651 367 181 398 639 951 156 197 137 695 71 232 179 448 186 479 371 130 838 885 871 824 1000 588 741 969 910 315 783 498 233 337 657 118 257 
719 534 260 632 459 504 578 500 621 964 990 190 700 915 129 801 271 908 944 753 494 989 207 76 924 419 991 487 874 714 169 673 539 693 137 907 26 180 19 289 944 571 282 983 585 194 23 621 317 377 903 143 556 787 252 897 78 193 38 146 258 830 410 432 471 843 291 231 860 723 250 70 599 989 144 401 234 86 731 136 875 645 541 109 581 649 81 25 429 706 130 918 148 174 633 608 889 2 944 725 
532 353 430 313 297 758 596 290 842 958 612 818 620 807 104 159 616 984 828 722 225 213 658 299 752 585 148 479 390 71 749 394 390 490 958 931 435 239 865 76 706 864 835 253 631 327 822 282 608 764 786 236 854 536 498 233 68 575 68 233 808 50 56 892 684 122 384 192 317 236 379 211 416 947 801 197 529 914 358 797 844 248 8 409 886 641 687 953 183 796 827 889 911 327 510 130 95 685 979 851 
595 73 680 775 372 340 578 849 84 101 943 520 770 132 46 650 12 387 667 381 193 813 190 174 595 985 394 425 380 517 937 917 926 182 95 13 990 263 413 743 455 182 775 195 232 877 69 730 853 731 198 672 299 335 971 810 300 424 375 997 900 623 939 797 376 726 862 957 757 311 415 853 888 843 775 533 334 118 71 813 968 46 652 375 157 571 333 915 369 372 389 42 956 605 304 399 388 570 662 913 
98 487 833 897 486 890 904 242 769 611 942 424 97 750 565 197 480 516 731 13 800 617 17 693 376 38 730 304 613 817 910 248 523 931 694 97 287 883 716 215 945 862 491 236 891 468 624 995 875 427 423 282 504 337 728 828 47 551 773 791 384 794 489 575 806 841 7 297 964 814 390 31 168 784 231 683 450 822 953 883 796 353 893 246 698 418 625 744 701 862 800 791 764 8 632 587 255 208 475 44 
449 652 888 805 798 9 979 672 357 744 973 736 329 926 942 29 103 201 74 788 756 183 370 531 567 510 963 25 558 150 262 249 571 747 792 213 789 745 84 647 144 701 911 618 190 828 477 814 786 771 226 948 397 405 680 518 301 697 35 969 128 812 839 238 826 669 175 155 23 808 63 166 583 471 233 472 449 538 978 552 724 281 229 368 388 14 947 810 704 475 719 859 863 809 915 645 241 24 58 908 
202 439 195 138 97 376 714 389 513 604 588 544 973 377 456 559 143 136 99 392 774 324 989 406 259 642 331 860 53 469 872 355 486 957 820 849 546 352 27 27 911 20 794 683 764 115 899 787 338 362 719 918 929 179 813 376 695 909 14 314 271 208 294 181 969 317 280 174 591 648 4 877 231 602 540 597 84 542 657 830 665 440 359 799 388 945 888 381 885 244 68 90 214 311 19 810 475 593 261 606 
133 304 964 126 789 186 101 51 76 729 991 749 899 552 402 850 70 326 843 508 675 500 455 600 938 648 934 450 596 337 170 979 762 506 15 976 48 820 876 240 915 492 559 973 207 310 472 8 570 980 395 257 818 470 754 899 707 11 119 728 967 244 170 569 638 747 987 82 540 693 630 861 773 372 297 699 598 587 536 724 517 796 2 707 776 150 451 429 495 921 65 133 901 731 157 21 218 955 858 138 
413 178 98 115 866 670 743 520 159 164 785 502 78 360 737 793 150 632 882 922 939 753 167 278 255 241 743 887 523 954 816 146 213 550 293 246 693 11 509 856 157 842 736 315 253 90 13 756 64 635 240 740 904 452 821 376 327 772 695 34 870 695 279 515 928 913 651 579 221 360 932 56 733 298 295 268 665 68 202 76 351 832 822 856 250 792 588 798 300 23 867 518 178 261 421 493 329 959 373 987 
737 370 196 391 751 49 375 889 625 742 980 144 613 734 699 346 236 10 604 464 281 409 928 889 818 663 435 405 758 400 296 384 276 299 691 133 599 496 822 32 366 6 492 594 140 406 82 678 211 739 629 271 94 333 26 398 940 988 694 598 505 159 460 3 639 828 722 992 19 71 868 591 763 29 690 205 425 520 253 47 102 765 710 357 252 391 935 212 824 478 831 728 671 607 878 617 588 630 816 195 
721 125 412 811 280 471 840 910 645 45 329 611 22 692 706 891 501 921 881 803 962 911 825 981 426 649 346 548 481 986 272 540 34 121 609 135 159 860 645 743 573 479 873 128 521 928 118 538 540 198 481 335 428 63 686 309 861 804 742 925 684 864 11 282 203 397 890 226 763 826 667 946 165 948 353 85 816 660 809 750 672 584 577 445 70 201 707 938 954 220 770 298 135 723 494 924 670 392 706 704 
159 55 332 63 143 660 324 867 677 253 756 504 41 403 371 387 88 172 695 861 857 487 299 986 207 219 645 417 487 376 19 594 343 145 425 242 70 255 675 132 499 996 100 381 436 272 984 191 627 758 302 518 427 463 840 832 859 14 399 207 725 363 933 564 80 175 128 271 911 825 349 876 416 250 379 764 378 436 294 732 355 116 796 255 260 185 60 469 45 964 252 494 850 786 54 738 165 869 766 661 
294 673 231 816 655 826 344 743 810 345 200 530 494 997 838 584 179 513 186 300 890 831 310 17 501 375 547 685 106 798 109 635 36 750 834 705 942 129 685 694 31 459 311 491 996 56 588 278 137 259 46 35 478 161 3 770 133 743 20 156 642 343 956 124 67 118 373 274 280 6 701 848 458 502 628 652 594 841 289 439 151 577 81 13 219 839 257 485 469 309 622 956 818 2 188 544 834 96 363 909 
860 357 404 576 752 846 928 217 750 547 905 404 55 864 965 446 221 652 283 624 935 854 387 95 178 585 310 741 795 896 112 361 131 672 489 951 462 302 764 216 864 802 443 480 716 363 551 584 751 412 112 280 50 848 614 562 345 585 477 954 555 292 474 852 132 911 69 534 227 357 178 381 355 755 129 283 423 80 864 888 21 827 640 317 249 470 450 311 267 894 982 365 50 984 889 697 987 316 536 86 
64 122 295 152 781 489 414 209 551 889 684 561 158 179 838 82 56 956 781 665 701 965 372 559 903 470 451 607 388 234 632 256 664 588 878 444 705 319 810 187 319 880 285 407 746 817 447 390 590 388 497 714 55 918 844 570 15 903 139 232 760 30 719 104 883 439 488 582 651 694 700 47 451 164 644 101 617 418 987 122 378 1000 314 463 415 859 593 443 875 847 372 831 797 951 763 401 202 311 805 829 
849 325 808 773 647 704 483 881 476 425 733 481 891 647 847 55 916 353 835 826 250 159 80 554 675 752 968 580 831 799 333 754 995 466 647 544 317 704 773 626 17 496 307 481 442 820 842 68 486 173 292 979 794 80 410 285 799 752 879 39 618 45 101 409 980 66 292 906 826 744 346 8 773 987 335 917 281 927 836 740 382 884 909 521 98 334 569 24 193 939 45 286 86 154 854 487 66 459 568 402 
609 284 146 990 126 102 765 879 693 40 517 604 537 762 185 394 215 161 603 382 113 780 275 316 610 714 422 135 507 237 631 933 736 484 663 148 511 271 931 208 510 920 979 796 800 272 760 491 795 806 68 59 889 944 837 451 738 524 534 703 516 863 270 736 668 133 376 252 313 740 934 398 752 602 687 992 8 233 694 321 495 937 375 890 464 247 563 25 333 114 287 118 608 122 407 886 342 709 717 188 
122 897 294 260 604 338 616 941 663 40 685 402 75 224 559 48 175 630 680 519 401 238 66 860 300 103 282 925 72 877 875 429 769 960 90 995 456 729 806 889 381 299 858 242 376 381 422 121 22 605 558 713 248 645 185 32 298 998 345 165 40 799 408 225 501 746 601 128 337 904 682 655 784 156 351 133 22 413 278 139 317 4 41 255 872 99 397 217 336 722 746 449 337 432 445 282 363 498 2 784 
957 102 615 706 221 787 103 297 21 917 514 454 737 257 565 718 699 403 448 862 773 605 466 797 155 608 219 751 575 371 934 254 412 978 990 482 57 747 920 696 314 311 229 615 284 383 972 517 399 334 768 550 816 174 831 173 458 231 93 338 678 206 949 301 23 649 876 738 19 354 56 389 556 86 971 153 276 115 787 716 682 532 92 389 366 573 743 327 66 288 949 285 572 901 362 128 47 295 343 209 
172 780 677 959 182 462 274 825 93 422 199 816 742 76 162 319 22 54 542 899 668 240 910 114 614 571 166 382 2 60 419 96 162 203 60 730 739 751 248 490 751 396 889 197 307 198 405 447 981 384 825 282 921 546 892 591 232 659 656 129 909 832 639 234 203 600 571 45 160 671 512 793 785 592 998 83 804 526 471 724 27 641 531 313 605 509 743 613 715 189 851 973 678 618 347 758 866 282 776 835 
192 769 690 543 905 574 104 754 177 528 902 651 822 189 899 323 715 778 863 958 250 923 759 906 94 574 962 648 289 386 297 846 311 892 429 611 527 43 258 533 839 815 387 357 415 236 515 532 71 435 487 776 135 875 3 887 589 532 870 312 548 884 256 912 389 756 22 566 278 542 328 789 852 118 442 513 262 511 96 886 577 396 259 440 640 542 852 403 489 472 169 520 920 56 879 719 672 767 743 886 
755 688 415 50 277 375 598 757 615 566 949 2 766 585 871 607 402 508 339 552 475 42 737 662 91 530 370 714 802 941 972 268 707 782 745 834 684 663 980 111 924 309 648 167 141 702 821 567 87 996 526 51 478 597 287 660 938 360 967 617 738 136 529 498 711 678 533 260 787 248 417 205 273 6 809 397 685 102 189 347 916 817 872 116 220 639 384 163 961 946 79 445 867 360 928 312 167 864 155 462 
181 93 660 488 201 175 278 293 761 156 787 31 269 907 618 328 138 195 247 291 607 906 665 459 648 689 79 229 263 130 647 503 134 124 813 512 507 853 83 195 83 181 825 357 607 907 928 592 321 257 784 457 874 797 358 34 419 849 510 899 447 714 42 534 800 692 968 216 841 760 682 475 486 512 948 3 263 402 538 387 997 356 612 789 344 645 529 271 854 364 276 19 200 119 270 455 496 987 169 709 
380 683 44 891 514 224 130 376 598 579 142 139 303 98 296 873 185 434 186 552 58 167 926 671 148 548 42 156 893 607 689 948 375 913 674 378 688 451 545 878 167 838 779 802 798 787 216 422 241 896 513 968 182 666 717 8 48 120 201 212 483 919 582 443 401 828 436 790 710 264 556 336 354 828 879 26 642 826 537 502 862 861 444 216 81 361 822 654 232 25 258 164 488 333 774 128 196 403 440 505 
825 18 548 597 52 9 987 806 589 18 375 559 329 620 662 999 843 485 384 155 479 957 259 356 284 299 200 50 672 722 39 920 582 27 974 386 351 823 703 615 170 551 723 895 272 713 662 165 484 46 965 331 316 502 751 519 110 636 90 856 901 621 364 149 965 300 428 940 48 257 800 145 566 958 46 164 387 316 826 303 477 199 990 439 787 944 916 820 732 382 945 69 290 987 117 812 62 545 869 604 
675 283 691 288 676 347 688 189 962 685 137 432 359 191 917 722 924 232 698 491 932 170 978 919 950 265 386 881 498 116 287 40 537 373 971 145 62 542 183 835 88 308 595 590 584 947 759 704 313 854 283 352 129 806 705 312 929 467 778 573 402 768 551 654 533 615 243 81 927 37 508 555 595 923 403 303 501 429 715 936 478 843 881 617 518 198 942 778 995 960 56 175 815 594 932 4 735 627 838 757 
178 91 955 726 781 155 886 763 928 612 765 986 335 444 661 859 612 123 290 37 99 96 473 293 733 724 242 360 741 819 979 786 399 324 860 914 642 166 800 85 715 86 486 737 697 285 67 738 12 751 598 684 171 635 245 460 30 999 866 975 765 985 717 323 930 293 407 376 817 151 832 114 397 406 405 226 943 718 116 680 302 256 608 826 915 443 507 549 713 476 289 105 743 445 461 470 229 894 477 452 
194 399 41 226 294 740 44 968 219 151 818 365 777 967 335 446 289 476 199 30 611 634 310 658 139 746 584 466 340 712 966 826 108 51 449 831 712 86 502 185 198 375 656 98 577 674 989 218 314 132 82 944 829 295 795 306 822 554 939 398 629 423 907 408 999 931 572 968 980 72 490 694 922 891 150 583 891 119 619 112 458 546 237 814 94 152 944 109 402 241 968 843 161 465 814 870 334 802 32 142 
768 83 618 613 208 990 729 251 777 517 1000 62 722 737 946 816 449 294 69 502 979 151 204 229 365 428 977 755 71 51 848 628 865 958 185 446 986 510 872 281 616 707 806 288 325 841 600 563 650 552 318 49 624 138 958 388 64 975 922 416 750 471 139 925 650 938 870 350 899 698 132 88 749 736 956 6 139 674 457 706 553 355 65 692 131 273 448 339 395 750 810 335 159 102 722 796 563 54 302 901 
657 480 973 170 12 180 241 704 447 142 837 586 670 644 658 715 432 665 515 744 949 111 811 61 617 306 724 248 174 489 343 869 132 374 362 269 884 810 431 351 109 974 913 931 331 422 903 55 112 194 809 333 570 657 195 186 335 392 26 126 526 87 37 183 771 698 939 399 641 516 902 495 116 695 966 93 87 911 172 776 500 580 469 137 693 335 468 250 352 202 938 198 820 13 105 658 814 881 966 43 
30 415 476 747 72 811 765 239 194 333 44 37 936 765 433 743 354 360 161 733 283 352 465 953 325 704 327 775 867 507 147 423 728 757 568 753 495 903 116 943 282 155 392 218 363 787 942 30 854 968 105 117 934 922 295 841 732 302 698 139 714 542 837 246 15 698 122 416 281 64 205 79 283 1 483 857 33 933 691 271 399 728 916 622 928 782 492 522 666 918 971 227 666 439 379 505 663 850 145 816 
823 655 92 307 743 717 837 298 964 672 183 574 894 112 997 594 122 379 143 381 197 259 92 725 424 115 646 829 258 605 869 663 461 569 975 573 867 871 536 265 52 196 91 307 931 112 523 169 699 38 861 28 928 146 108 414 238 142 676 887 627 186 613 619 366 937 141 452 545 665 132 608 233 911 631 184 686 37 97 351 63 229 809 616 478 187 543 2 325 599 942 408 111 369 590 938 519 391 694 872 
377 259 188 70 30 159 793 772 821 823 462 684 848 901 665 191 363 615 818 13 673 431 630 649 244 771 449 642 257 932 293 393 480 800 569 766 746 869 734 16 237 423 583 841 604 796 831 569 835 705 353 389 245 996 949 527 152 197 27 960 469 763 223 550 906 359 201 1000 586 750 201 574 225 316 47 19 833 912 192 474 15 294 136 271 373 487 801 443 146 434 660 585 243 568 670 18 798 374 941 438 
986 61 337 497 545 640 746 47 450 76 663 964 458 971 475 927 488 311 835 777 882 531 699 144 334 27 208 998 698 393 611 974 617 532 2 271 315 190 593 646 979 355 880 848 162 280 783 706 185 634 262 358 603 52 219 284 726 467 231 661 744 719 280 961 568 606 292 770 713 489 462 417 994 129 178 232 508 365 904 929 35 382 940 647 380 997 384 258 975 580 833 448 816 28 473 100 78 302 120 621 
42 116 369 188 623 131 821 514 334 212 755 25 272 201 833 457 241 913 896 231 46 646 272 242 217 622 201 82 518 324 67 29 626 604 605 275 1000 430 8 20 529 770 409 770 389 992 438 223 772 960 987 65 529 378 283 948 127 497 557 251 470 958 514 918 350 377 173 842 594 282 185 788 62 540 481 950 554 731 250 80 201 115 151 672 846 402 89 798 437 690 574 906 699 252 690 806 463 247 939 234 
362 393 646 362 754 955 7 31 946 770 341 256 991 877 6 20 879 581 989 816 883 881 645 346 872 353 48 606 187 509 597 309 355 720 777 948 750 401 777 294 61 540 757 127 690 469 130 592 825 221 306 414 246 846 116 705 99 41 989 470 760 755 77 151 271 985 449 831 465 231 781 905 571 218 9 436 411 756 43 266 734 262 286 866 189 715 562 491 877 301 9 381 187 285 499 167 224 132 332 874 
224 166 231 337 126 753 514 501 345 532 517 547 521 931 456 684 99 964 484 44 397 886 196 541 436 887 204 908 334 58 440 698 461 99 134 575 858 64 930 727 360 670 329 338 168 309 464 317 777 394 989 386 572 295 92 33 634 785 942 864 656 748 852 105 448 427 930 960 223 958 302 305 743 261 858 570 804 13 394 976 524 997 255 257 956 928 782 923 128 576 293 127 249 249 913 449 646 47 649 265 
652 360 280 393 716 361 545 181 51 370 124 502 301 107 622 204 750 381 964 117 333 432 271 797 186 586 578 816 226 50 845 937 994 683 93 844 703 80 549 471 315 270 544 995 59 213 552 29 787 204 901 765 601 206 750 275 127 997 255 230 504 112 62 219 482 747 780 760 200 818 836 827 621 848 620 753 300 349 335 751 572 727 725 60 255 659 174 513 853 235 899 148 648 318 7 905 802 644 236 835 
529 390 583 320 172 740 500 616 598 105 134 483 886 805 212 372 198 329 294 435 376 992 424 621 844 558 619 556 325 201 858 618 304 551 686 781 919 84 625 122 223 723 223 490 402 754 78 277 14 17 590 317 744 572 16 547 257 250 824 560 286 1000 824 234 154 473 806 987 159 813 918 228 747 769 808 753 98 182 150 467 576 825 969 33 965 131 195 682 480 3 268 940 547 716 518 298 237 498 97 919 
351 360 435 737 63 697 522 167 387 641 676 265 766 451 270 834 733 698 428 27 576 28 839 491 361 63 175 656 745 157 465 868 733 485 548 607 546 785 725 296 860 526 748 410 533 361 656 657 258 402 26 611 642 722 996 700 272 463 110 125 108 147 989 519 220 293 890 195 804 639 54 92 769 227 665 703 279 390 151 890 315 863 617 537 600 352 836 822 770 931 354 916 716 688 58 504 28 905 905 894 
697 462 522 809 474 281 878 432 211 379 289 410 948 465 586 329 8 995 814 982 84 64 263 426 374 457 923 48 140 691 689 85 40 339 765 491 319 319 176 724 25 595 137 518 627 570 873 844 695 93 143 463 832 116 882 174 925 344 758 290 819 355 939 125 226 27 254 164 827 135 639 342 765 558 806 939 926 465 97 629 68 844 610 833 849 549 452 602 649 857 441 244 793 720 82 351 65 505 113 306 
581 220 190 595 632 704 602 334 744 600 919 224 667 400 493 861 454 584 855 237 972 937 498 105 35 550 671 668 34 530 84 817 133 510 275 406 987 969 420 771 829 725 531 412 65 403 471 4 69 191 899 227 577 897 186 974 657 471 74 859 887 227 688 490 109 171 24 894 338 689 773 730 105 854 331 603 957 256 516 289 241 529 47 28 862 122 585 156 348 4 776 460 928 587 931 805 823 457 651 522 
176 737 229 474 943 935 933 354 732 627 692 310 622 592 678 173 638 171 207 146 456 52 1000 15 688 400 549 963 429 991 251 476 505 754 579 643 720 905 701 125 118 489 503 643 614 893 331 38 918 494 319 749 142 254 237 371 282 916 715 133 200 893 258 846 367 687 513 643 429 783 425 851 113 71 635 723 902 535 205 379 75 605 570 479 627 784 838 971 752 585 26 578 526 110 616 667 351 299 775 888 
115 160 230 204 282 449 556 59 23 555 924 676 189 902 479 658 191 888 109 111 68 663 282 673 903 891 104 480 354 403 818 647 394 651 262 990 62 671 536 57 422 487 384 798 20 390 681 623 729 120 858 392 474 641 710 750 800 245 126 285 938 618 698 662 185 709 185 8 362 252 579 357 888 267 5 760 451 283 239 544 436 564 849 332 597 334 174 175 915 546 60 865 679 315 869 529 270 149 618 218 
628 307 582 567 198 866 903 12 876 535 648 376 66 635 336 263 4 273 614 267 432 752 849 994 715 892 510 635 674 749 927 254 378 650 803 508 470 22 380 913 78 183 205 880 692 608 351 306 508 966 997 145 834 161 343 871 540 537 189 334 718 213 850 660 504 76 988 698 584 157 629 230 600 49 705 715 571 672 573 491 801 488 499 788 882 421 798 490 904 662 374 456 323 649 579 123 492 656 834 247 
70 671 807 246 46 588 952 879 309 347 60 19 751 907 129 878 25 243 304 170 282 298 555 764 101 562 488 441 555 555 241 506 529 932 548 82 440 829 889 664 489 700 869 991 502 202 183 854 652 958 37 406 684 675 351 258 284 401 27 426 556 111 446 185 958 794 694 185 291 8 869 373 995 499 513 300 289 107 613 672 343 673 779 198 995 98 944 164 326 423 908 139 136 915 255 905 841 987 102 485 
345 504 158 597 172 398 536 131 898 633 665 597 208 918 792 92 49 826 944 734 907 655 629 393 813 416 248 81 490 190 707 478 335 447 928 895 512 335 492 220 707 325 89 161 787 659 564 902 277 743 972 13 549 431 595 545 235 467 681 101 944 608 488 69 83 727 685 892 787 905 209 240 639 208 463 201 344 246 370 339 387 415 32 274 467 653 717 696 136 72 107 726 230 664 531 536 567 56 728 17 
720 137 271 754 71 696 86 450 585 121 719 763 622 793 368 716 621 153 730 413 27 875 536 191 914 259 830 407 589 593 892 535 713 907 666 600 36 701 724 818 548 458 457 766 409 270 916 334 488 908 597 705 479 925 393 687 186 629 41 544 993 893 795 280 344 29 148 199 953 519 697 62 625 20 263 291 17 153 554 71 115 840 602 949 617 118 140 161 540 818 957 925 538 719 179 90 992 116 70 824 
872 570 775 171 944 657 391 873 820 874 356 75 170 916 949 490 396 287 372 945 117 862 292 568 310 393 29 792 147 685 319 108 556 889 333 465 108 814 678 439 711 4 122 340 572 152 854 569 494 953 669 741 113 426 101 305 183 337 994 897 316 297 280 897 634 17 906 237 457 333 854 547 222 991 918 49 198 141 974 36 273 982 945 696 645 930 511 178 968 411 118 506 269 909 950 91 998 197 950 670 
227 598 8 211 949 769 854 261 730 588 957 315 909 224 636 47 169 979 808 270 442 79 433 602 789 862 406 355 153 30 9 12 645 32 30 50 946 79 169 857 335 443 372 134 835 229 943 820 549 57 95 440 392 583 583 239 249 202 609 224 601 661 631 749 382 410 568 204 759 613 16 882 672 419 622 785 786 350 774 688 687 669 195 870 702 819 914 733 586 567 873 114 93 89 292 960 332 202 993 881 
903 284 316 422 190 384 592 867 729 81 51 330 481 134 903 953 408 728 695 458 213 647 595 58 49 391 765 47 816 41 130 118 609 480 877 71 581 319 702 933 532 491 223 986 747 86 101 368 494 418 459 217 565 409 468 421 87 976 306 354 580 281 54 821 793 469 90 36 561 515 265 523 521 583 654 706 606 619 816 631 243 678 508 955 903 463 854 786 609 793 531 907 585 107 841 672 444 877 156 435 
578 307 180 364 63 888 585 80 665 238 370 751 715 500 329 472 63 595 331 568 78 909 817 300 993 426 188 128 408 504 437 527 209 980 402 114 679 495 4 878 117 347 888 986 830 40 773 132 337 490 735 17 876 272 133 526 496 865 419 558 577 942 705 68 773 110 510 563 126 391 855 496 122 407 357 780 967 742 810 788 506 369 41 505 27 431 267 128 195 576 830 102 620 733 57 101 248 992 859 994 
327 319 50 263 55 548 359 104 202 891 968 246 189 847 337 696 967 641 569 823 489 398 168 249 813 815 32 883 37 813 542 942 378 185 314 713 368 569 179 515 343 802 773 68 273 634 163 584 6 643 305 822 670 914 107 680 264 154 892 9 128 739 628 817 615 241 467 883 696 583 687 52 991 902 572 909 821 431 578 689 555 3 854 686 272 210 392 330 948 734 197 270 126 2 933 527 875 489 39 758 
844 71 763 862 859 143 849 752 722 55 249 381 867 345 513 439 550 375 998 407 458 374 405 338 610 833 158 809 348 713 938 491 42 611 366 561 630 17 458 64 907 329 635 31 363 311 76 773 3 99 563 62 423 394 822 96 211 871 981 384 483 377 237 704 283 342 629 925 953 172 574 19 626 677 645 480 127 568 338 702 10 777 17 907 313 224 769 475 177 33 881 921 720 258 93 399 18 584 625 207 
111 614 519 487 706 259 139 74 39 809 856 381 73 493 36 889 992 758 109 345 129 838 615 399 281 110 587 817 23 622 934 186 869 701 64 621 792 884 459 272 341 166 747 54 495 437 759 433 837 659 827 612 37 657 680 285 333 214 773 449 713 52 77 976 604 724 737 153 548 103 506 505 759 576 14 844 516 819 107 620 813 670 915 66 221 844 86 987 229 929 586 603 365 876 743 72 525 648 671 510 
787 71 267 177 480 638 966 382 274 593 293 944 557 691 484 345 557 338 512 132 535 44 739 478 687 462 187 787 325 795 225 752 717 351 119 346 232 904 755 344 10 602 993 755 842 175 281 525 651 63 443 929 30 498 692 259 749 112 799 82 317 285 617 282 976 885 13 487 701 152 368 715 367 785 377 654 728 533 762 901 997 787 622 250 564 701 343 566 26 102 476 515 218 102 128 396 173 469 681 777 
222 424 617 746 950 170 943 18 867 838 322 309 169 344 263 982 41 299 806 691 748 575 255 633 735 330 7 338 470 742 963 625 894 293 649 43 749 262 894 487 572 700 767 240 363 390 78 368 862 273 503 361 914 726 544 477 922 580 521 834 224 105 755 297 296 43 210 561 641 225 467 720 127 509 500 859 120 978 393 475 111 151 865 769 354 678 892 865 998 864 333 684 977 427 521 63 196 178 649 1000 
794 903 153 676 974 594 259 487 927 676 693 669 529 713 848 947 343 764 106 683 38 739 729 602 324 832 466 540 118 75 148 235 307 740 817 333 262 147 475 272 512 600 126 207 5 73 593 451 647 662 938 939 293 783 64 248 361 253 326 763 581 640 694 813 204 779 864 876 937 355 787 977 802 437 116 560 684 600 736 337 945 916 788 115 882 171 237 743 699 188 996 232 543 210 392 86 51 525 282 446 
923 314 789 833 8 943 185 744 270 431 254 262 393 550 906 844 139 968 84 644 417 382 783 140 284 61 672 784 766 465 386 804 345 950 272 200 444 352 199 186 997 307 684 366 569 776 468 964 152 236 613 77 747 234 687 618 670 397 445 551 536 61 338 577 621 231 727 165 64 139 496 345 315 647 259 353 951 863 603 317 71 486 145 884 736 421 619 49 369 621 481 657 589 113 831 978 635 514 45 638 
296 490 261 655 18 73 978 509 911 120 674 816 456 965 244 122 981 66 258 574 283 371 621 131 891 144 808 180 218 763 902 356 863 577 239 949 808 305 199 659 287 580 639 422 111 407 20 531 134 144 964 38 543 622 39 534 967 802 996 364 453 977 940 498 252 640 707 231 172 54 482 896 241 616 914 817 313 558 861 600 548 759 366 658 504 745 367 388 959 559 369 98 213 650 451 690 193 23 16 146 
211 617 39 723 646 963 610 525 550 528 773 459 950 670 34 833 329 815 832 328 926 152 971 806 297 319 288 395 239 860 887 945 900 857 209 546 997 78 880 524 910 143 31 687 94 366 115 274 760 414 724 1000 217 942 121 191 574 887 43 656 63 793 905 934 326 843 502 986 106 787 622 595 623 324 413 334 619 916 135 644 418 164 126 981 21 186 156 78 23 93 511 753 903 740 957 781 99 96 92 383 
756 842 226 392 43 330 909 693 579 818 665 415 42 529 637 861 816 48 297 845 826 836 980 167 648 676 211 310 210 763 44 397 713 573 920 327 52 357 972 196 101 238 393 759 786 881 389 23 178 524 947 40 516 265 768 784 239 806 132 836 12 686 902 99 689 724 762 405 557 560 16 841 793 737 693 323 493 969 572 531 144 747 83 537 543 60 809 930 214 266 477 909 805 704 699 120 57 78 582 800 
89 972 430 351 137 354 528 748 113 790 378 968 46 162 750 827 782 92 887 62 636 55 373 993 968 557 415 199 114 911 66 10 558 530 202 199 352 979 785 539 976 664 838 270 507 565 492 979 105 590 478 936 885 653 471 977 429 364 110 64 78 710 767 91 343 916 644 625 37 431 436 678 685 668 53 768 963 200 1 77 939 660 169 246 621 732 343 58 687 537 660 107 905 771 668 472 773 891 735 161 
553 399 54 85 98 168 901 841 696 17 375 108 305 95 523 137 213 222 735 682 788 352 986 831 534 822 965 288 583 356 595 356 915 570 150 669 905 22 862 809 749 665 156 583 257 903 317 162 893 660 480 731 795 871 338 256 531 165 263 620 366 649 949 904 255 54 707 720 455 555 448 988 367 128 48 416 976 401 199 404 46 314 834 983 899 42 748 608 770 117 384 323 601 81 164 466 991 420 594 139 
946 145 430 644 603 945 726 1000 619 717 66 582 406 881 418 957 109 583 856 933 907 602 631 411 97 632 651 292 76 824 544 12 821 88 367 210 781 552 69 319 743 272 464 978 293 473 304 84 93 707 662 235 95 431 4 826 793 173 161 472 501 997 819 744 246 738 734 693 927 216 809 987 374 553 154 912 841 228 691 384 371 510 579 564 96 995 101 186 208 870 35 601 962 256 449 603 928 46 259 660 
587 542 984 154 178 575 528 577 755 928 796 270 570 399 93 103 57 840 995 939 470 696 825 953 757 816 634 434 366 166 937 326 759 603 603 390 985 490 374 326 423 944 649 630 185 164 616 27 315 741 10 687 571 608 289 774 212 41 443 575 32 633 87 933 594 992 62 340 809 900 485 19 834 192 246 669 27 705 848 580 903 996 783 797 915 7 874 126 817 398 981 374 993 692 408 556 983 162 513 795 
644 848 506 575 890 452 425 874 853 815 242 199 759 321 733 750 39 637 473 90 214 294 458 712 777 775 491 458 812 817 970 833 88 832 45 923 425 448 357 426 684 238 511 925 480 106 393 381 754 126 298 112 917 138 611 878 624 897 763 711 155 851 324 602 889 302 137 265 563 290 220 229 527 450 707 21 606 757 819 614 199 302 539 126 345 172 100 841 174 414 511 98 394 281 383 336 558 833 160 587 
621 5 933 918 954 318 78 551 798 972 363 607 570 221 623 979 102 433 520 589 248 914 637 846 461 655 687 808 893 73 147 619 640 45 272 500 440 933 531 255 669 831 594 301 145 202 381 413 562 542 196 667 700 876 696 155 689 382 542 100 751 677 592 757 775 640 34 891 722 349 256 924 446 918 429 144 267 301 623 468 143 616 52 207 605 38 850 709 645 725 562 273 14 620 709 105 668 343 572 368 
135 803 647 205 511 35 512 246 522 154 630 534 406 879 692 134 571 95 630 827 771 550 917 625 24 480 158 732 361 765 909 5 50 506 367 929 573 188 844 379 714 46 572 419 130 273 182 508 162 30 291 875 599 673 63 199 289 242 690 52 837 172 961 830 118 923 620 219 923 958 187 31 776 415 438 92 802 262 81 668 75 209 124 845 358 129 337 294 850 463 926 365 333 414 201 755 981 351 39 859 
431 414 651 440 261 579 227 334 625 235 549 668 311 826 528 484 485 433 554 127 365 530 310 525 145 288 895 54 559 71 607 487 387 67 291 556 562 248 945 154 982 791 372 582 136 379 243 730 790 281 247 372 60 505 170 477 368 570 165 889 813 769 393 970 877 387 789 941 65 93 708 197 908 633 166 549 114 264 657 211 325 649 772 316 818 19 730 968 608 382 795 973 765 208 414 565 148 899 769 732 
754 358 609 445 510 269 885 196 643 865 862 676 849 917 126 211 442 976 118 3 481 186 172 110 539 878 378 488 301 689 230 749 208 688 631 892 48 107 260 847 508 268 166 986 843 80 794 65 50 178 132 899 828 536 511 734 118 447 555 456 645 530 826 111 59 792 118 167 880 120 330 690 88 559 97 800 338 391 180 308 609 526 979 966 716 561 786 715 886 665 994 135 651 270 550 354 934 562 64 575 
166 388 482 624 555 822 203 132 949 595 683 712 297 429 746 886 652 558 152 302 798 295 225 448 47 176 768 837 225 122 870 512 274 167 776 156 838 527 776 340 888 711 78 140 447 401 946 345 796 139 617 484 520 782 258 555 544 889 766 544 917 617 628 92 482 577 691 268 87 522 539 658 961 359 889 947 633 251 211 341 826 446 81 422 745 265 616 517 514 827 352 903 98 562 804 467 69 161 91 241 
806 615 485 550 130 624 85 60 315 138 28 520 368 471 610 302 682 109 276 342 191 652 605 329 721 859 56 667 756 917 736 240 82 641 180 899 206 754 557 845 539 232 641 232 900 268 286 191 225 674 378 659 531 313 245 27 37 109 766 674 709 170 357 332 951 528 696 840 408 337 940 421 759 748 315 238 806 906 295 375 929 90 798 416 879 4 935 767 358 669 12 94 751 127 512 178 495 603 196 44 
811 843 51 242 811 743 839 677 957 770 455 78 19 803 281 349 348 811 454 910 708 819 649 457 371 13 247 543 656 440 761 464 84 638 893 399 575 120 289 833 255 805 717 895 636 721 806 277 298 393 812 830 256 867 348 565 236 223 96 430 21 867 117 32 395 763 466 523 941 669 740 928 504 52 216 692 130 49 513 672 305 959 62 334 347 858 147 732 22 438 104 216 851 255 641 975 885 256 240 467 
634 425 4 123 378 740 929 777 951 458 585 412 537 165 513 212 153 620 340 530 622 779 26 830 713 179 472 609 627 160 795 220 46 191 765 901 721 812 794 879 875 897 287 378 969 580 713 818 200 382 181 425 453 869 770 176 811 462 455 835 973 817 833 129 710 952 179 596 870 251 96 314 679 675 752 438 949 279 415 159 61 303 876 552 831 937 219 722 976 689 604 550 141 713 705 366 530 57 133 745 
906 158 337 619 82 392 479 787 553 816 406 375 562 43 926 471 324 743 766 827 92 326 483 556 71 781 189 409 179 807 35 106 760 389 819 336 690 803 606 871 739 751 154 60 356 778 315 471 869 270 301 517 310 555 797 309 223 973 41 470 330 964 642 529 548 122 14 938 72 456 533 822 360 887 407 388 231 323 732 639 618 894 136 721 260 913 1000 873 897 41 121 81 211 665 583 85 409 218 46 387 
415 340 498 607 46 808 350 473 651 132 918 740 82 506 228 724 885 541 443 688 843 80 834 221 438 320 241 101 563 663 623 500 79 114 910 4 615 220 691 600 862 998 309 383 328 478 996 180 599 381 791 314 746 550 725 671 969 350 706 594 833 255 81 591 880 904 779 738 311 42 290 957 209 36 244 53 793 78 420 995 282 69 946 684 915 919 52 300 6 442 869 379 206 387 374 988 193 816 977 987 
521 618 80 807 35 7 678 484 91 325 794 355 424 900 545 240 796 539 77 16 172 74 328 232 474 691 958 788 321 900 683 381 709 284 198 679 723 218 149 798 780 896 168 629 459 291 989 681 927 79 832 137 783 201 951 612 470 384 917 37 431 524 145 263 528 202 611 121 436 99 418 490 543 83 347 711 555 376 703 231 622 456 681 188 573 919 852 499 281 555 751 820 924 636 469 533 751 645 449 887 
298 85 561 73 799 346 16 499 376 618 411 995 122 178 883 428 989 313 313 100 110 253 557 108 416 272 558 216 344 630 345 502 918 926 636 782 620 625 825 862 619 471 247 794 761 253 895 684 497 195 1000 914 136 280 141 984 694 322 230 76 97 17 985 656 275 116 53 470 406 820 915 734 398 55 451 870 234 860 229 567 806 82 728 440 462 357 417 444 328 473 46 995 526 466 461 293 275 448 798 695 
354 465 772 317 307 357 546 706 447 64 307 529 616 929 10 428 369 255 599 637 743 87 763 883 567 990 974 231 629 305 851 95 902 900 503 318 41 607 133 267 63 711 754 562 827 526 298 131 176 419 269 51 929 8 99 954 336 79 665 74 891 310 248 284 712 988 611 30 386 204 121 143 970 76 749 782 625 385 708 249 924 852 127 682 253 574 432 168 24 985 997 865 317 685 191 180 218 143 320 834 
230 261 749 756 624 39 440 314 382 7 315 606 748 989 475 961 184 671 469 531 259 722 997 950 851 424 855 59 176 951 821 789 487 216 654 705 347 658 89 865 363 666 329 235 114 723 673 627 841 653 735 977 125 990 740 884 901 895 329 286 433 850 460 267 822 142 482 276 770 25 851 960 771 577 162 851 367 704 275 879 873 411 633 740 535 879 331 178 421 134 341 336 318 108 862 413 864 986 209 790 
207 228 198 48 349 983 556 394 421 359 693 910 660 800 43 449 982 551 212 813 785 315 947 581 935 922 80 530 175 950 563 316 810 64 925 541 143 826 502 2 507 515 518 708 218 915 875 810 777 376 400 117 61 876 795 214 170 304 916 686 607 714 263 901 276 313 631 795 294 199 518 932 147 766 642 227 353 639 491 794 403 502 290 514 785 532 976 42 122 10 123 613 35 494 264 673 192 779 808 19 
581 824 59 274 382 460 105 29 195 104 479 23 655 586 368 137 16 188 423 434 666 908 706 989 184 62 129 222 946 241 734 438 415 988 104 469 573 421 535 515 865 923 159 516 873 22 463 67 923 432 728 401 909 485 274 204 120 223 408 578 445 218 66 142 1 673 365 346 915 375 854 442 119 397 60 882 944 595 454 695 796 846 700 262 984 955 877 621 618 389 481 681 736 636 885 623 757 340 915 729 
725 680 396 956 884 132 764 205 935 279 758 708 791 267 232 572 360 498 660 554 938 988 805 212 730 994 174 992 583 846 729 688 976 76 664 252 704 264 176 36 367 293 468 970 283 288 859 377 927 814 597 510 846 572 985 93 579 134 457 221 94 40 373 972 659 680 774 369 630 541 933 671 573 918 848 274 4 320 97 251 354 363 442 5 174 617 228 470 867 642 104 391 542 165 988 280 271 583 73 621 
448 867 315 694 730 861 836 288 748 580 814 653 103 49 131 695 152 873 550 141 855 449 936 666 701 612 973 541 154 546 389 973 206 649 545 931 189 767 983 47 91 383 810 75 361 737 716 129 76 101 7 221 528 928 34 524 121 18 388 95 203 834 97 315 26 270 937 475 379 791 427 364 789 280 87 56 440 798 130 141 644 647 257 289 276 997 672 984 496 787 955 102 704 892 817 452 922 485 383 228 
452 665 60 643 133 329 877 459 25 980 792 13 631 393 38 670 880 314 805 655 931 622 283 925 206 114 360 924 433 593 927 608 772 20 154 150 891 123 663 998 564 24 677 151 732 549 425 280 812 513 709 378 404 548 806 272 804 28 575 767 707 255 183 588 641 653 647 863 380 571 678 695 489 921 26 221 140 777 220 13 215 453 525 974 404 917 958 372 253 92 22 89 359 109 511 760 280 585 402 421 
959 137 56 154 137 66 687 603 58 535 893 269 66 883 427 984 762 972 436 936 606 817 60 108 543 333 559 207 964 901 625 828 991 155 538 8 162 16 285 894 370 494 456 103 150 302 43 316 992 242 756 798 333 110 85 185 376 134 44 26 808 588 324 761 262 995 726 558 662 444 321 403 114 63 367 122 384 888 469 764 135 916 199 823 397 551 135 223 765 215 388 811 140 207 149 508 494 865 555 16 
345 109 556 631 767 330 542 828 97 624 205 968 534 281 589 611 714 976 601 268 545 163 171 263 164 858 584 295 11 774 648 68 273 104 848 134 354 459 546 795 807 881 133 491 533 343 424 942 620 968 552 325 320 388 725 706 21 188 202 96 295 704 897 878 243 613 817 26 159 965 8 454 213 292 689 692 395 735 863 61 807 682 947 240 691 707 870 116 93 158 777 167 545 224 651 819 433 154 10 620 
556 352 180 950 802 40 775 173 832 165 66 931 318 279 413 3 628 978 832 4 804 456 286 375 551 835 505 773 386 304 797 189 445 194 612 989 874 5 577 759 449 678 257 683 168 513 872 505 31 653 670 910 801 533 440 86 662 593 512 26 294 270 24 75 912 811 643 968 661 527 241 884 498 447 142 840 788 843 586 246 982 296 564 755 229 751 958 203 697 744 938 678 858 127 523 836 159 409 462 417 
786 299 982 955 330 975 624 844 135 348 321 972 936 28 383 54 169 852 413 283 396 347 350 701 343 844 679 309 841 707 98 673 183 732 378 305 449 69 481 652 149 714 36 251 530 104 60 42 104 320 657 785 730 881 781 134 957 920 386 341 611 27 400 369 799 137 221 717 740 410 386 641 161 12 919 382 356 64 444 977 599 460 664 241 459 706 387 979 307 360 488 694 556 8 266 232 364 864 100 719 

