200 1
278 
871 
989 
692 
752 
256 
668 
184 
602 
35 
303 
466 
804 
546 
716 
444 
139 
580 
798 
965 
512 
438 
639 
521 
211 
756 
37 
535 
677 
695 
526 
834 
678 
821 
366 
293 
155 
227 
539 
267 
372 
458 
168 
282 
855 
13 
249 
212 
303 
476 
788 
167 
168 
37 
843 
584 
169 
288 
946 
231 
799 
241 
556 
230 
531 
835 
541 
85 
887 
505 
953 
293 
62 
405 
855 
200 
159 
176 
20 
667 
797 
577 
487 
207 
713 
665 
444 
601 
847 
530 
707 
837 
579 
890 
23 
509 
611 
145 
61 
300 
438 
294 
179 
720 
70 
305 
223 
514 
470 
224 
534 
865 
900 
947 
799 
838 
706 
113 
866 
236 
328 
815 
993 
496 
603 
739 
667 
882 
244 
597 
324 
286 
442 
135 
875 
45 
444 
870 
183 
625 
954 
517 
239 
174 
507 
154 
826 
627 
439 
637 
888 
242 
171 
539 
91 
304 
430 
633 
591 
184 
931 
225 
547 
166 
820 
657 
961 
998 
762 
203 
360 
490 
735 
136 
309 
891 
605 
714 
678 
47 
397 
804 
365 
605 
533 
904 
242 
578 
983 
529 
117 
858 
493 
568 
919 
908 
407 
89 
95 
37 

