100
1 0 1 0 1 1 1 1 1 0 1 1 0 0 0 0 0 1 0 0 0 0 0 1 1 0 0 1 0 1 0 1 1 0 0 1 0 0 0 1 0 1 0 1 0 0 0 0 1 0 0 0 1 1 1 0 1 0 0 1 1 0 1 0 1 0 0 0 1 1 1 0 1 0 0 0 0 1 0 0 0 0 0 1 1 1 1 0 0 1 1 0 1 1 0 0 1 1 1 0 
50
42 47
29 73
14 99
44 63
41 55
57 65
77 95
35 85
38 57
75 80
87 98
46 53
32 88
86 95
65 99
100 100
41 42
26 99
67 86
19 89
55 82
44 82
11 74
74 86
74 97
62 65
58 100
63 70
39 74
18 73
59 92
91 93
52 92
48 92
87 95
24 54
10 94
25 96
41 68
18 97
47 58
88 93
21 71
16 65
8 69
79 100
38 86
4 13
77 87
7 12
