1000
1 0 1 0 0 0 0 0 0 0 0 0 1 1 0 0 0 0 0 1 1 0 1 1 0 0 1 0 1 0 1 1 1 1 1 0 0 0 0 1 0 0 0 0 1 1 1 0 0 0 0 0 1 0 1 1 0 1 1 1 0 1 1 1 0 1 0 1 1 1 0 1 0 0 0 0 1 1 1 0 0 1 1 1 1 1 1 1 1 0 0 1 0 1 0 1 1 1 1 1 1 1 0 0 1 0 1 0 1 0 0 1 0 0 1 0 0 1 1 1 0 0 0 1 0 0 1 1 0 0 1 1 1 0 0 1 1 0 1 0 0 1 1 0 0 0 1 0 0 1 0 1 1 0 0 0 1 0 0 0 1 1 0 0 0 1 1 0 1 0 0 1 0 0 0 0 0 1 1 1 1 0 1 1 1 0 0 1 0 1 0 1 1 0 1 0 0 0 1 1 0 0 1 0 1 0 1 1 0 0 1 1 1 1 0 0 1 1 1 0 1 0 1 1 1 1 1 1 1 1 1 0 1 1 1 1 1 0 1 0 0 0 0 1 0 1 0 0 1 1 0 1 0 0 1 1 1 1 1 1 1 0 1 1 0 0 0 0 0 0 0 1 1 1 1 0 1 0 0 0 0 0 1 1 1 1 1 0 1 0 1 1 1 1 1 0 1 0 1 0 0 1 1 0 0 0 0 1 0 0 1 0 1 0 1 1 0 0 0 0 0 1 1 1 1 0 0 0 0 0 0 0 0 1 0 1 0 1 1 0 0 0 1 0 0 1 0 1 0 1 0 1 1 0 0 0 1 0 1 0 0 0 0 0 1 0 1 0 1 1 1 1 0 0 0 0 0 1 0 0 1 0 0 1 1 1 0 1 1 0 1 1 1 0 1 1 1 0 1 0 1 0 0 1 0 1 0 0 0 1 0 1 1 1 1 1 1 1 1 0 0 1 0 1 0 1 1 1 0 1 0 1 1 0 1 1 0 1 1 0 0 0 1 0 0 0 1 0 0 1 1 0 1 0 0 1 0 1 1 1 0 1 0 0 1 1 1 1 0 1 1 1 1 1 0 0 0 1 1 0 1 0 0 1 0 0 1 1 0 1 1 1 0 0 0 1 1 1 0 1 0 0 0 1 1 1 1 1 0 1 0 1 1 0 0 1 1 0 1 1 0 0 0 1 0 0 1 1 0 0 1 0 1 1 1 1 0 0 0 1 1 0 1 1 0 0 0 1 1 0 0 0 0 0 0 1 0 1 1 1 1 0 0 1 1 1 1 1 1 1 0 1 0 1 1 0 1 1 1 0 0 0 1 1 0 0 0 1 1 0 1 1 0 1 0 0 0 1 0 0 1 0 0 0 1 0 0 1 0 0 1 0 0 0 1 1 0 0 0 1 1 0 0 1 0 1 0 0 0 1 1 1 0 1 1 1 0 1 1 0 1 1 1 1 1 1 1 0 1 0 1 0 0 1 0 0 0 1 1 0 1 0 1 1 0 1 1 1 0 1 1 0 0 0 0 1 0 1 0 1 1 0 1 0 1 1 0 1 1 1 0 1 0 1 1 1 1 1 0 1 0 0 0 0 0 0 1 0 1 1 0 0 0 1 0 1 1 1 0 0 1 1 1 1 0 1 1 0 0 0 1 0 1 0 1 1 0 1 0 0 0 0 1 0 1 1 1 0 0 0 0 0 1 0 1 1 0 0 1 0 0 0 1 0 0 0 0 0 0 1 0 0 0 0 0 0 1 0 0 0 1 0 1 1 0 1 0 1 1 0 0 1 1 1 0 1 1 1 1 1 1 0 0 0 0 1 1 0 0 0 1 1 1 1 0 1 1 1 0 1 0 0 1 0 1 1 1 0 0 0 0 0 1 1 0 1 0 0 1 0 0 0 1 0 0 1 0 1 1 0 1 0 1 1 0 0 1 1 0 1 1 0 1 0 0 1 0 1 0 1 1 1 1 1 0 0 0 0 1 1 0 1 1 1 1 1 1 1 0 0 0 1 1 0 0 1 0 1 1 1 0 0 1 0 0 1 0 0 1 1 1 0 0 1 1 0 0 1 1 0 1 0 0 1 0 1 1 1 0 1 1 1 1 1 1 1 0 0 0 0 1 0 0 0 0 0 0 0 1 1 0 1 1 0 1 1 1 0 1 0 0 0 1 1 1 0 1 1 0 0 0 1 0 0 0 0 0 1 0 1 0 0 0 0 0 1 0 0 0 1 0 0 1 0 1 0 0 1 1 0 
1000
739 750
643 898
816 970
980 997
164 296
74 285
132 565
81 454
579 847
921 922
821 849
429 636
561 733
915 981
16 243
724 925
650 895
30 971
594 691
458 577
796 871
611 955
711 904
227 372
812 988
857 985
872 1000
923 989
34 460
457 600
775 899
198 857
563 671
837 934
248 944
997 998
626 678
871 969
189 860
685 820
582 928
104 276
44 608
766 985
402 591
573 746
937 948
657 844
781 852
61 433
85 858
576 690
182 539
809 837
261 887
615 788
734 834
957 968
843 950
4 469
632 711
554 743
68 478
139 580
464 739
605 890
157 727
180 932
170 985
546 733
91 800
748 909
889 965
996 999
803 874
709 782
632 975
52 85
979 986
500 667
907 909
837 930
594 794
918 929
209 607
979 989
207 891
274 900
7 158
29 926
190 430
825 963
791 991
87 339
375 659
598 906
985 999
297 791
741 940
756 899
797 967
244 762
198 677
459 649
613 865
644 771
447 466
696 879
197 797
565 746
984 987
420 521
190 287
531 593
536 754
354 842
592 1000
56 385
31 180
106 721
250 885
925 929
227 588
234 400
921 962
60 812
46 63
215 428
156 847
8 623
651 932
564 655
732 769
47 388
438 990
65 593
170 625
85 494
487 703
998 998
356 888
619 621
205 473
584 667
517 934
353 375
937 990
291 655
84 343
126 765
516 984
895 993
182 241
9 692
812 994
326 642
683 935
698 941
33 665
872 989
100 224
226 770
776 929
871 902
841 924
54 779
741 960
281 359
231 682
386 706
975 997
84 899
933 967
380 520
303 456
620 912
658 818
223 954
700 842
466 668
940 992
538 857
433 955
367 611
887 983
101 105
339 705
678 864
466 939
721 979
840 876
276 993
950 962
15 113
259 973
430 662
587 653
426 820
629 788
631 978
835 899
749 864
275 584
262 987
226 565
713 724
575 787
260 459
848 921
415 705
863 999
397 665
216 865
870 961
977 989
364 815
917 956
417 742
419 904
39 569
543 937
747 903
317 948
784 948
559 663
777 987
339 825
692 931
358 588
561 777
327 795
479 519
314 802
380 998
897 931
48 475
234 662
867 905
671 995
874 914
817 895
944 959
754 779
106 852
975 1000
566 877
54 611
704 902
393 701
203 450
35 705
462 877
367 663
299 690
106 813
528 835
797 917
669 922
383 646
1000 1000
310 766
63 303
938 949
636 847
829 902
31 333
351 730
42 947
995 997
248 329
736 918
439 949
557 982
732 855
25 779
711 892
888 972
13 636
314 973
835 856
918 985
174 457
430 827
285 602
343 586
973 987
302 681
274 374
817 933
991 997
743 1000
834 844
616 734
34 696
10 635
357 651
581 921
923 994
929 962
700 824
839 874
311 987
419 852
543 605
811 878
250 927
414 569
299 843
347 978
570 802
601 774
380 691
496 796
723 773
726 949
157 302
192 374
894 951
764 971
244 302
764 951
971 980
217 836
187 788
494 892
176 376
797 946
884 918
210 424
168 275
636 639
233 513
542 724
605 633
354 481
248 598
936 936
474 843
885 890
892 937
978 979
136 625
346 734
756 878
389 960
919 950
969 995
969 997
441 749
110 668
536 665
583 687
460 942
986 991
978 996
113 771
496 903
159 737
145 868
551 623
306 472
44 710
687 819
534 589
230 737
983 989
872 997
834 859
592 794
780 976
872 931
582 692
651 961
980 986
31 841
240 732
902 973
619 698
969 996
343 953
229 253
275 295
213 935
827 879
144 546
980 981
423 476
675 684
669 737
828 979
997 998
2 932
800 825
53 451
356 665
952 978
821 848
618 977
868 879
573 941
446 961
143 923
999 999
152 791
982 987
905 941
876 913
920 929
408 685
577 773
972 983
41 569
297 656
351 648
376 869
461 968
911 962
71 471
983 989
93 875
237 544
854 951
859 880
76 376
993 995
224 635
927 985
598 982
280 821
439 618
932 989
941 993
241 671
38 428
389 579
596 704
342 522
328 939
284 424
256 827
800 941
906 1000
5 485
212 836
742 838
194 992
237 967
311 412
572 718
819 987
986 991
238 332
169 890
457 720
785 852
193 446
548 852
449 520
812 950
637 692
125 541
471 868
91 431
616 993
440 702
655 880
385 449
847 974
815 835
741 747
753 965
554 645
462 542
247 556
530 852
910 952
876 992
994 997
269 327
546 784
119 963
503 832
203 956
831 1000
196 579
67 278
164 861
67 175
198 830
19 685
95 593
800 889
827 917
381 439
65 137
660 982
511 574
842 926
97 353
544 922
705 927
877 913
319 754
828 869
961 981
43 463
375 638
887 955
552 632
116 987
581 738
154 240
415 471
792 951
150 888
599 716
845 980
253 944
894 903
465 717
982 996
892 903
423 810
627 842
975 993
601 853
194 466
750 870
173 816
461 477
99 943
466 529
593 923
228 650
964 970
263 993
971 977
157 452
460 607
537 872
734 816
269 277
961 983
400 651
575 610
76 193
576 900
350 708
928 942
197 698
546 650
298 562
757 846
795 948
400 617
868 982
563 709
466 727
760 823
262 503
527 591
310 581
673 833
470 857
243 402
889 1000
878 962
50 491
274 442
605 729
735 923
268 604
791 910
409 588
717 746
523 570
255 720
617 784
474 854
161 512
75 413
215 781
89 464
524 583
700 762
152 383
873 953
428 958
257 775
487 893
827 961
68 145
669 862
941 959
591 895
48 183
855 861
949 953
725 776
801 813
465 608
702 787
67 799
468 994
664 877
589 618
296 737
449 975
155 854
253 812
874 971
819 960
432 986
796 859
174 730
387 911
705 862
799 950
790 801
969 985
545 591
830 974
752 906
476 829
279 811
707 986
947 968
21 484
416 448
426 803
418 612
440 691
288 965
384 541
607 827
237 395
853 982
498 745
47 398
632 864
890 895
838 980
829 991
975 1000
737 970
864 999
118 658
662 878
531 891
553 757
797 910
198 395
84 682
671 770
415 700
598 738
442 646
402 719
908 927
560 846
573 879
30 576
427 566
547 792
752 833
353 598
883 944
836 904
532 925
697 730
940 973
712 915
890 890
468 561
410 575
309 369
969 994
406 671
620 958
790 867
756 882
435 542
413 1000
115 397
426 866
738 930
69 958
273 634
651 831
419 853
803 810
746 935
16 894
580 597
173 342
938 993
829 891
112 570
199 405
47 425
371 557
616 635
288 493
889 953
217 348
886 968
545 570
800 903
750 985
767 824
794 844
740 998
105 133
445 996
132 644
459 461
568 956
967 985
574 875
865 993
444 858
820 862
123 123
227 348
867 922
512 902
389 511
799 940
425 843
864 890
571 617
369 593
142 442
565 664
453 497
455 676
636 991
263 644
723 917
573 975
143 764
772 934
466 677
979 983
443 657
768 808
198 652
819 993
53 748
613 820
71 416
589 781
371 426
979 1000
639 897
304 570
96 731
97 546
275 530
539 995
204 738
622 951
943 945
907 976
201 696
770 960
11 433
272 909
440 728
598 910
682 791
487 1000
590 980
949 993
607 819
665 693
834 839
976 992
211 766
607 828
254 651
880 882
837 855
865 890
779 844
985 994
968 992
420 786
833 997
368 600
37 671
693 824
625 761
876 996
813 816
266 615
157 824
996 998
123 639
2 136
663 724
598 612
519 555
433 448
526 898
606 651
933 994
262 413
86 231
521 663
66 218
926 955
108 541
276 633
462 702
932 935
605 611
340 434
428 434
578 707
84 774
538 697
325 473
988 997
701 777
248 461
722 879
930 977
660 876
70 381
78 290
908 984
222 520
695 853
167 840
810 847
766 954
899 981
843 853
691 747
926 958
984 999
271 915
770 852
926 948
728 889
393 778
804 961
73 598
571 654
133 663
557 823
519 924
950 957
415 820
577 827
257 907
180 784
269 315
599 902
608 858
993 996
885 910
668 942
849 913
565 821
731 743
778 916
499 508
165 532
956 974
126 863
7 828
759 966
699 862
445 930
514 683
464 817
800 978
406 783
84 463
598 859
340 620
475 812
275 588
397 887
480 552
311 966
459 675
549 929
904 915
863 976
982 993
641 950
760 912
982 982
246 568
13 246
288 952
205 230
580 673
597 891
769 966
660 676
913 937
153 720
809 959
287 476
536 747
305 884
258 782
42 936
544 890
372 440
843 877
931 988
189 871
309 769
499 796
571 636
681 960
602 706
943 984
800 871
932 986
978 979
462 693
68 546
990 1000
819 998
854 982
955 987
60 387
395 726
273 764
142 798
899 983
18 512
244 320
873 903
635 785
398 474
78 971
327 615
566 845
275 567
191 824
225 239
713 735
974 996
970 977
215 634
240 788
262 929
489 781
182 966
529 804
146 838
450 532
400 740
471 678
984 994
183 421
927 1000
528 569
523 563
678 919
172 801
206 439
195 647
317 822
453 891
864 893
892 893
392 974
418 561
535 815
705 771
542 582
587 969
177 942
336 529
896 945
76 508
869 884
886 965
562 687
601 746
714 723
234 891
234 482
801 885
837 962
708 753
183 468
357 836
594 600
709 792
540 732
511 969
