1000
64
171
368
2
568
458
47
584
370
624
98
708
887
403
763
915
429
190
362
918
414
973
739
193
189
496
85
499
826
445
957
785
138
224
744
845
232
454
238
573
157
963
471
229
723
272
891
745
225
736
123
935
962
820
136
980
577
622
251
609
215
109
945
280
376
744
414
395
403
147
760
285
791
208
860
162
318
997
307
586
97
35
4
310
422
755
480
472
480
432
378
937
40
650
219
944
925
33
95
860
978
680
795
637
694
557
183
321
497
793
26
407
480
166
450
373
229
653
662
619
293
639
850
242
121
835
126
717
495
431
285
809
939
624
810
926
125
797
769
433
518
871
966
374
446
360
425
317
93
542
912
914
930
513
223
926
700
678
812
446
952
221
999
448
32
115
850
826
123
373
750
900
963
251
526
777
17
102
823
587
714
198
651
312
38
362
341
800
94
963
377
653
271
383
214
705
105
321
794
618
46
552
69
233
538
496
25
571
920
684
977
8
863
251
315
628
802
825
990
380
512
592
759
318
493
936
73
690
465
238
411
174
105
913
385
621
176
387
737
767
360
988
321
737
362
939
537
788
663
32
635
198
913
921
578
91
827
353
777
487
141
870
205
605
988
23
629
562
13
969
806
150
727
15
174
835
474
82
211
267
866
937
635
674
106
500
10
216
264
163
433
127
868
727
120
891
62
249
584
98
248
989
549
377
113
483
146
487
519
834
377
911
523
537
49
500
53
738
756
447
843
427
503
662
981
391
510
233
106
772
241
713
875
852
470
722
40
700
428
820
462
78
933
163
152
881
888
466
29
572
605
833
877
351
909
129
930
524
909
735
357
584
249
988
1000
972
10
777
483
908
315
71
693
112
226
338
112
499
953
669
376
825
707
871
702
269
303
688
384
526
82
25
395
405
852
815
988
248
125
192
54
757
876
715
483
866
882
722
503
976
430
845
287
321
312
287
42
606
311
25
276
448
207
885
932
493
411
961
602
173
632
207
189
932
50
427
389
973
360
418
218
588
778
500
197
848
642
753
20
416
4
588
271
665
983
370
377
890
41
649
67
739
994
349
855
660
214
504
876
514
579
932
989
550
141
877
420
246
148
70
175
98
271
555
991
571
874
385
451
454
645
616
736
800
86
548
466
199
95
197
352
896
49
869
82
210
545
209
389
78
348
22
396
545
631
830
885
339
392
872
23
873
651
353
445
788
499
81
444
70
498
305
973
707
353
735
741
989
735
880
691
200
58
682
329
80
540
928
4
328
522
537
298
506
779
439
400
318
883
944
581
633
407
155
101
887
894
957
363
668
156
335
757
907
720
341
566
784
855
632
473
144
198
130
130
315
920
699
317
340
304
936
986
303
150
948
975
727
560
799
752
52
425
945
565
370
312
347
864
129
403
738
767
599
999
943
178
919
132
190
125
181
244
877
861
416
375
973
823
413
704
786
134
922
314
777
235
956
406
139
511
749
73
257
692
137
306
716
44
83
109
960
814
679
82
713
782
17
795
895
531
165
218
61
818
1
4
457
142
102
664
545
190
113
388
349
319
767
182
919
398
556
900
971
197
99
736
626
394
957
464
219
313
815
766
267
936
935
618
638
765
417
646
203
148
595
298
453
25
992
494
205
815
406
646
310
96
526
275
981
625
337
48
428
395
98
872
517
20
974
250
87
881
980
611
301
681
267
339
366
95
203
237
530
103
419
351
23
700
949
124
230
314
921
193
103
817
559
906
106
644
326
761
239
391
398
884
941
268
560
399
979
934
713
968
465
758
132
41
405
349
559
88
989
331
576
290
155
508
418
998
516
856
615
428
944
982
611
815
702
464
154
220
401
124
811
989
67
760
448
130
641
658
96
491
101
348
674
48
141
962
39
442
646
369
576
912
943
712
341
760
478
679
853
949
380
482
517
473
678
185
617
420
597
989
793
32
312
876
543
514
577
324
784
109
944
302
848
797
44
359
657
579
669
529
884
740
71
672
696
312
304
77
157
4
417
473
899
690
518
640
178
912
531
126
230
536
337
851
902
779
121
27
372
214
937
323
242
330
107
922
392
829
844
228
867
757
771
95
303
131
147
176
548
243
687
190
248
872
575
263
229
36
782
444
530
219
854
367
903
191
375
893
51
470
487
184
34
903
805
226
186
773
683
765
802
472
30
679
203
986
536
597
921
207
656
753
113
853
992
676
155
571
843
924
37
981
600
362
284
496
500
617
146
917
871
472
171
242
634
764
776
564
38
371
817
625
895
277
730
578
138
478
236
578
207
865
643
826
461
