1
2
3
26
118
2
0
2
2
2
4
2
6
2
8
2
10
2
12
2
14
2
16
2
18
2
20
2
22
2
24
2
26
2
28
2
30
2
32
2
34
2
36
2
38
2
40
2
42
2
44
2
46
2
48
2
50
2
52
2
54
2
56
2
58
2
60
2
62
2
64
2
66
2
68
2
70
2
72
2
74
2
76
2
78
2
80
2
82
2
84
2
86
2
88
2
90
2
92
2
94
2
96
2
98
2
100
2
102
2
104
2
106
2
108
2
110
2
112
2
114
2
116
2
118
8
8
10
8
9
7
6
9
9
10
6
9
8
4
8
13
10
13
6
9
12
9
9
4
9
5
10
8
11
7
10
8
5
8
8
9
10
8
8
7
9
10
8
8
9
11
9
10
8
10
9
12
5
7
10
11
10
9
8
8
6
9
10
11
7
5
13
4
11
8
10
8
10
6
3
9
10
11
6
8
8
5
10
12
13
10
9
10
10
9
7
10
9
11
10
10
8
9
9
8
7
7
9
10
8
8
9
6
11
9
9
8
11
12
6
9
11
8
4
6
8
9
10
12
9
9
8
9
8
7
8
5
10
6
8
7
7
8
9
8
7
6
11
6
7
8
6
10
9
8
11
7
11
8
9
8
9
8
6
10
9
5
11
9
6
12
8
6
7
5
9
5
9
8
5
9
7
4
8
4
12
11
7
9
9
10
7
9
12
6
8
13
9
8
9
12
9
5
8
10
7
8
11
7
9
8
10
9
10
9
9
11
7
6
8
9
9
9
8
8
11
9
8
10
7
9
12
5
4
8
10
6
8
6
6
7
11
4
9
10
10
11
9
7
10
8
8
10
10
11
9
12
5
9
9
6
4
10
6
7
6
8
11
8
10
9
10
7
9
7
12
6
9
6
9
8
9
10
7
10
7
7
8
5
8
11
10
8
7
9
7
64
63
48
64
72
63
61
51
57
66
59
48
54
66
67
41
61
60
62
64
61
71
65
53
65
58
60
68
61
61
61
50
58
57
54
50
65
54
53
54
54
51
54
65
53
54
53
66
57
62
58
56
66
55
61
58
48
52
60
45
68
58
66
55
62
56
56
58
64
63
57
62
61
55
50
53
56
57
63
59
52
57
56
48
50
48
58
62
59
45
51
53
53
64
48
57
59
66
54
53
53
59
54
57
53
65
72
58
60
55
51
55
57
53
65
66
65
56
57
55
66
46
64
53
55
59
59
60
67
56
60
51
56
65
57
55
59
61
68
42
52
58
69
54
58
58
60
49
63
49
56
61
68
52
60
68
67
43
69
62
58
50
49
65
68
62
59
59
56
59
54
56
60
69
57
63
56
50
62
54
63
56
54
65
62
65
60
52
61
54
60
53
58
64
56
62
55
65
54
61
53
65
64
56
70
57
60
55
64
64
66
62
66
55
55
61
56
57
65
58
45
60
59
60
52
54
52
61
69
56
59
59
52
68
58
61
58
60
63
69
59
55
48
66
63
70
62
52
56
54
57
68
60
61
57
56
61
67
54
69
51
59
59
60
57
59
58
57
59
58
68
48
62
57
69
53
68
60
58
51
53
66
60
57
56
54
61
56
61
65
67
56
57
63
57
63
54
55
56
59
47
60
59
72
57
66
66
53
62
56
62
49
61
63
56
48
62
61
62
54
60
62
65
54
62
60
63
61
57
51
57
57
59
56
67
55
58
58
61
56
60
60
62
46
63
59
58
68
57
59
62
56
60
60
57
68
71
57
64
56
66
66
58
52
54
59
59
66
60
56
45
61
54
63
54
60
62
59
60
63
59
68
63
57
63
59
64
54
61
69
57
62
60
59
53
49
62
55
63
51
68
62
60
65
56
50
59
79
64
53
56
61
62
62
54
62
62
62
55
56
61
50
52
51
67
64
54
55
61
66
58
53
70
58
59
59
47
65
56
60
62
62
60
64
62
53
57
52
58
55
63
56
72
55
58
63
49
59
54
70
58
66
69
54
60
64
57
68
65
63
59
49
61
59
63
61
56
61
58
53
70
68
59
52
71
62
65
57
58
58
47
63
59
64
56
62
57
61
57
47
57
55
72
56
62
59
58
49
58
69
66
73
51
58
70
55
61
63
62
58
49
57
49
60
57
57
64
53
56
53
56
67
63
59
56
60
62
64
61
68
57
60
53
58
65
52
59
55
56
54
56
65
66
61
57
48
61
61
65
54
66
67
61
58
60
64
72
64
59
56
58
61
60
61
57
66
54
73
62
63
55
68
56
60
