1000
0 1
8 64
4 5
66666666 33333333
576460752303423487 576460752303423487
1 1
0 0
2 2
1 1
4 4
3 3
8 8
7 7
16 16
15 15
32 32
31 31
64 64
63 63
128 128
127 127
256 256
255 255
512 512
511 511
1024 1024
1023 1023
2048 2048
2047 2047
4096 4096
4095 4095
8192 8192
8191 8191
16384 16384
16383 16383
32768 32768
32767 32767
65536 65536
65535 65535
131072 131072
131071 131071
262144 262144
262143 262143
524288 524288
524287 524287
1048576 1048576
1048575 1048575
2097152 2097152
2097151 2097151
4194304 4194304
4194303 4194303
8388608 8388608
8388607 8388607
16777216 16777216
16777215 16777215
33554432 33554432
33554431 33554431
67108864 67108864
67108863 67108863
134217728 134217728
134217727 134217727
268435456 268435456
268435455 268435455
536870912 536870912
536870911 536870911
1073741824 1073741824
1073741823 1073741823
2147483648 2147483648
2147483647 2147483647
4294967296 4294967296
4294967295 4294967295
8589934592 8589934592
8589934591 8589934591
17179869184 17179869184
17179869183 17179869183
34359738368 34359738368
34359738367 34359738367
68719476736 68719476736
68719476735 68719476735
137438953472 137438953472
137438953471 137438953471
274877906944 274877906944
274877906943 274877906943
549755813888 549755813888
549755813887 549755813887
1099511627776 1099511627776
1099511627775 1099511627775
2199023255552 2199023255552
2199023255551 2199023255551
4398046511104 4398046511104
4398046511103 4398046511103
8796093022208 8796093022208
8796093022207 8796093022207
17592186044416 17592186044416
17592186044415 17592186044415
35184372088832 35184372088832
35184372088831 35184372088831
70368744177664 70368744177664
70368744177663 70368744177663
140737488355328 140737488355328
140737488355327 140737488355327
281474976710656 281474976710656
281474976710655 281474976710655
562949953421312 562949953421312
562949953421311 562949953421311
1125899906842624 1125899906842624
1125899906842623 1125899906842623
2251799813685248 2251799813685248
2251799813685247 2251799813685247
4503599627370496 4503599627370496
4503599627370495 4503599627370495
9007199254740992 9007199254740992
9007199254740991 9007199254740991
18014398509481984 18014398509481984
18014398509481983 18014398509481983
36028797018963968 36028797018963968
36028797018963967 36028797018963967
72057594037927936 72057594037927936
72057594037927935 72057594037927935
144115188075855872 144115188075855872
144115188075855871 144115188075855871
288230376151711744 288230376151711744
288230376151711743 288230376151711743
576460752303423488 576460752303423488
576460752303423487 576460752303423487
83 54
28 355
77 315
1 755
75 307
21 581
34 418
38 444
91 771
85 797
17 150
71 484
79 336
8 74
50 211
95 445
62 721
61 887
70 522
15 472
31 607
39 93
53 370
68 40
3 638
50 258
60 462
39 298
58 892
84 562
45 670
46 525
17 19
19 62
27 116
29 824
59 241
10 978
26 62
66 684
58 587
15 411
29 212
43 78
83 179
91 377
17 351
59 589
69 419
86 252
88 571
81 767
96 176
25 649
81 998
29 506
42 431
35 858
9 207
77 550
18 660
86 790
19 998
31 559
20 781
1 596
95 954
64 259
62 857
11 109
82 319
7 271
86 365
6 588
2 160
21 685
7 981
86 886
84 69
53 519
14 229
96 832
90 946
55 941
31 891
38 471
77 457
43 311
51 441
31 424
11 212
93 158
33 254
98 763
93 355
95 269
21 837
70 287
24 939
84 426
52 356
2 977
43 199
13 986
51 771
14 426
53 155
8 569
39 493
83 837
79 153
33 190
54 982
45 766
5 432
57 110
74 987
8 623
34 192
34 354
36 972
24 981
58 693
90 999
54 124
19 430
40 606
41 870
74 31
40 647
56 779
76 10
55 908
15 18
9 123
26 549
66 372
75 396
73 756
42 458
56 712
80 652
15 950
70 292
11 537
37 482
82 98
22 749
83 654
7 602
85 862
69 15
87 603
86 165
57 710
5 470
43 488
43 210
89 288
47 849
59 610
34 352
41 958
39 333
65 389
69 991
89 624
32 234
34 214
17 88
27 217
33 770
75 850
62 37
24 73
94 60
48 844
84 128
71 582
34 96
55 886
95 899
51 517
30 334
85 357
87 796
44 773
22 822
95 187
2 844
80 797
63 877
89 775
91 386
39 707
23 255
7 686
21 40
72 437
46 819
20 214
65 123
83 923
24 583
77 47
21 654
30 853
14 371
75 698
31 554
26 343
46 971
69 778
59 4
1 223
62 78
77 709
90 850
55 49
98 181
97 831
30 285
85 277
87 707
88 170
71 405
95 917
2 141
32 296
72 807
85 622
97 328
12 245
40 568
74 162
72 684
79 756
50 64
81 438
30 937
100 505
92 506
25 940
69 114
54 726
67 539
15 114
95 712
77 473
30 956
93 898
94 431
66 137
27 346
57 285
42 321
36 768
53 119
41 642
53 580
65 594
60 368
99 475
8 829
19 375
75 668
27 571
66 681
41 882
18 628
94 505
69 261
44 798
70 52
29 205
43 848
38 726
75 189
40 121
99 718
29 13
80 906
72 63
64 75
41 122
57 731
49 995
18 287
80 689
75 964
7 275
389022302326648150 492263015341360117
70249571308486707 243738541976826439
109289830175674088 219859068157770456
54008469594658357 71482606661117564
496218317890892227 287070604991739760
339433429040079310 118855529726328449
2146116382283237 214863385616871688
73644603548537674 46083224940410272
93055473690711398 91207317304385021
382771719074062896 342006657695415261
39218565290403811 431150176462319028
439841185270241440 396405365040303771
327966102022958421 308083554632383834
397859700334351198 389488514321140258
44316221890877560 108622514642383073
437452041244140946 121532428275024482
356660589226992046 120391174878126790
61290964377003747 99905699225011748
160929716645829987 49700566006631903
493810608712250894 420418343129181148
372658324000306180 123257012799151078
484636497047977337 301041068655243240
338718508507200149 66078270063176692
205112053849483315 104011675822627040
164654024461786350 327768291709521096
150333381274273713 366914195909100011
390156010612388853 300342146728420629
342193843607567148 129908571446545885
400470700158604925 234654955188526833
298688354955752644 311875560318299243
4490016597977492 463953110329414900
9997241444551865 480795317886085047
32516019245654762 353795893742379973
279360093502817463 315220570592707193
294716910103275795 414620847020607209
204141945713538589 110268533401035589
306798907913197244 452399195564354227
216488859344392518 257845772411806921
108709720387039692 199823093138607432
21473189086127486 21982283064649112
221683891603667473 210968417753416453
40236229211899778 11664514332129606
36147196207225749 97991778497958435
261942520897235614 330768229004159779
404912441902803304 280512597014041883
192265304742441069 335100662426061860
23416461155287226 50720451204682121
61050324537814625 476290774263078017
36906772315497268 391080161216871783
393177921924150000 16691519420988277
97074847607673781 134605972807067392
301094590509848719 231114052033232128
55304394014752511 193078623387891034
453898569131711899 329298718225767672
497706538445450703 170961319456693612
498994787727133101 103930262919171272
77818455215525925 298817891815921425
433319050250841047 9572103817144427
113767737709683518 99996983297043471
140835385160796161 335612749021602744
307346061986101723 445555484696231555
260748520617619542 426058700704787201
242495742392778653 12343655088142975
26774655539918362 52181279861435128
58337826897065852 102239504033069146
116997026834996357 231764286639504703
165428657925294123 364367589504340840
213391327252401295 467732457458718953
399218977269602350 94090075729934645
340310922902254695 124890962180589813
19617925329412839 186488566391341617
375185240363464369 435579172777210023
299606742437904073 259004057890215539
270633556006630962 128687798200591508
133025739702293793 401557298703909168
273736026070743300 359772306703661396
80928024244103314 371349386242493208
94744609513788550 32461615450483834
486686933485414010 219240512795921302
241321258208562580 208914252117214599
444895071582912956 375360147316575641
296818928223982592 271056046723759838
462796306688477346 365811957836380376
217863848600898520 88195482429750136
46490113440270315 273895871339218000
261735077389298924 162941646924303430
495829258103184462 109930103448201649
280478356913022616 314533579055316744
175009996073532747 256126151481210157
302938922253833336 254112601075299170
16585540793146892 81822671000679113
346602530162213282 346900173134046137
18448096195702888 12446099986398907
46479891150864123 382557375232622612
34942559728351314 68875372012570153
367386330561411407 218521386616667028
304845468474779606 48295655987046451
499010816297997438 223185458466096611
20432506695265422 365941038502300377
96301399336427961 121767688757786213
320408551786209842 147731016652607011
923960855353127 222299252002976932
256753492287243914 116874807986630722
311189309180348703 442336209967371708
37334708445322091 362858773577237498
467893568950476873 395544334418807388
455089470488063903 251926150889453087
288580661217614108 282753059638811100
254892850547057101 291032818596434243
350907590524995817 430100451249213748
86509137596285163 56372744361634095
262655044496053008 87461405734865617
405052684405660018 178960298316688752
85125376209819010 356734534316966598
225653257702549175 223753810720395247
44007719920986839 421647246073663823
116451815970301438 315322204479049999
293785936890405244 36537714235480411
397105554969437834 426297186293886644
313468974537315164 399304759985843937
395488143904312440 335178309958072300
444168112849338816 365398049304131168
130176488496830813 306976201985734027
122058173312326062 302085118310282418
252537030075605207 143610663514811191
78774756313462969 37583815385883866
237739950732311047 418433794109180061
140781833566834023 282239781748501932
118077860584789821 240727821492421783
385216805749713132 355557096017976537
247159370765119863 459547054935288402
2481406594390024 211399553897345428
419585499599095204 319488852779769353
387153756515573610 258953315109281392
329425795794329885 109611168600158517
171279586823414535 404317339928637574
379549440257952876 426945766546963427
40362557397461774 8998890588481996
53967856076020742 256644357482429941
65866865926462712 365776906484836353
185238399791884800 307266646491804275
25877818691849327 343447096966811694
310597397579372494 346031414405747339
242543602193638000 65448462345923267
439578841437660842 262452235562135137
397702359465253008 126088320293156605
129630719164835801 82559105875748286
290744306560938070 136702130997705301
157751415225121339 139443488994122389
221258143408948401 73940680873511005
383077578059369807 202478786207711777
290357254990240490 446887505623348127
54002769055773735 61065637684822360
440710222220564040 73247984502997291
79772014236614738 71852729944728717
443047513647149788 403058003904297519
442584696708437947 142557197278028441
183382106215989555 223403448588058624
337655308728383607 271560015701437173
249750535231903351 375330261036177231
349814061958873627 467560111731234978
146511301402929293 279545374390916367
164602676947192084 350293224998991408
449270205182221705 399892330099570299
411772784659395682 143156270794239078
139421376825315145 54032961843743584
143797063338357212 86805500413473899
372698710806966670 291484801819308983
347084546637542628 157918330179214337
204247989195618961 15189629507509319
333004526176983628 471947789854193896
5937700049627611 128620743259773060
497496763096963198 371906282784182938
33039005548248767 129014155986747095
401681288890644206 328981618363356053
141806566532374843 454079936027790972
310498786890953947 52020684498064519
67710624129595576 417295468439724258
462367733613853292 286347547910923979
449454797285802137 471987923136348573
443030946214880737 252171560419726526
258296600393953402 67677656063066666
388752832555163678 380157183250531773
192858148828667595 473585660189136851
325747287228792884 419656856266190151
158777325614095864 457321022903774940
427412216145286360 93298760581615526
54073587341132378 175759115321091766
181821076385423959 269433923309419058
405377802876778023 339495865225967281
15635998899869437 398920915867357525
452494954009332838 107548254400105984
425935499174751615 36400781391523753
484874527044472920 403790628114778107
933219889885536785 180568864557386522
549934705464543089 985055335796710656
245627836572170692 132422614351646824
409462319589740247 270486587971610975
962225866385441728 153295580145501882
7126036517680541 247333401723305224
464540350319830423 360862525045181715
598913373225745433 210498642892267423
449701739307689615 212537939830239291
50663312559279172 881456969781413735
332342264795875315 571737679309287874
46354300792430985 554871476998983025
855310549361600476 79335674928017728
473226166129134910 772590665952807480
434196589660070638 675593405530154812
92507088492502862 75802768910644206
124349977312673405 102783488877919898
29125596740092996 715996808299702991
573878061593407042 991207433281429626
356159944827913595 298384098499437651
121976806806837307 13500708311828558
240690340584694411 792976094820966057
727770163173491877 17286319458428860
542731837556639161 981031214670447803
71737333924797745 565962290023419723
280584188116245450 544455257736357017
618721892102812012 455428311239465092
828855077920419363 839354390796961331
233282799129782786 754770828571566322
221393939566113700 697035743496895661
902116636422476961 180326650611691968
878116036290309267 409932161483047073
669516356548964866 441925784781109362
342194765795467737 519625815982447788
742193608777217567 480882128133505463
183040399321706815 544740439832408074
424175753472816644 469046503925005925
330661770120217331 58226132200207844
103878858870889726 373939583824110028
818764159854050036 768646470279148309
569453072595299916 385683003495550285
67167146272138815 823045680639043559
591918582528128685 888272703174639932
852543962888578390 748787408753183690
39718323441530684 619304584890743092
868365570213403483 993947819437793141
816960300792903477 543408684652833965
686665288186959150 589094440649017963
5499982797870774 543027413178161858
710661637370415599 831684765188325945
252193836032354631 23951131174062590
954480927569595828 664851006935329788
3231824565402741 115077150930399451
820786014301613343 246063917922949568
604065810403387670 565988479355945996
659655337593308338 227149796888858641
542879660226075602 653372334099992917
922727426993240310 766449653857601505
983130864425993164 496683359948562650
859929359925722105 850593212543441418
775611602038186795 915693653826298682
188482294198355575 115018899063978654
27233522722070389 37792683025447303
386663265500321009 688531411274555802
356580154008197646 443466285021931944
525688018641331664 740523874805273959
301961461796501922 569244829826055363
914545698815835240 585696127279699385
460627575162970028 580205497115001546
320754940371236899 899389109730717548
76630863159326356 645017365440434959
206701922368857554 136882380271537068
265952471107488876 39578455079687315
935309821598350915 540445379609071755
166875497706355021 379806050632194614
600021701573492119 740005204896026317
20097760350705661 384479806189441878
82665858367441331 340748670469617708
1517634142804451 771450837923413972
513992930791662080 218947182474022737
503861991662014149 567484050435709978
724567694370313101 91007721522477228
921454420411761150 514485528190859091
377488029571732072 939771060337975040
372890846973366694 799171028734798152
796090904460958882 631143682448838296
365033289473782820 451070853604520002
493733391854949304 746729083961315039
375381078138139904 278109225856938729
172661563422515948 219493986291955308
54583038834070060 125828221751906897
752737387133130960 615070065576630432
710973029213730153 139723618233730324
403273693436583776 979272357019778224
235012736795338046 582265434765439683
865375774427207241 910556120708530553
465152547256072559 939957092670998318
54077059850886051 798514101161901319
762704720273181131 579876896488363213
600892977943498012 581922979154414839
555245562318476680 231454433454787448
386775142535637823 392855258754599219
473243602043086107 970573141749082040
927798061002445422 302904037598925736
288987878604170858 416004790603641327
357082937177291999 706801923655758174
754502760103689260 329867857179496954
221774397084086018 978373721522971406
456011613358200631 299587143655134087
264436671419399051 359917811239026575
673879811460533013 312604943965831065
497497100781628465 92305477282352887
617543509982683406 988534352120322934
873072255769187727 159389635873745809
900674327245321150 324309250595916206
232794995713726099 198428417496755702
71735032550619183 914929310286003532
383941271086020088 958317405171483276
801647223234737665 412045597121886196
96994223186706235 621501413157481319
752454496727761423 789468868960187187
722143986000986904 115009185898149514
813035069942368096 620877629031320033
560002659608805450 803039818044262735
35834007483796436 660816654621463176
469107422260185856 512124979316166150
127981986189139094 305269816625063019
148982784229045000 719196549167916503
993822378101155930 388256538875981745
579302062323861899 262710149316493079
738568861492847683 999013696931398173
896350859928937698 326110646737493751
335012081166330308 544135102113163964
238398689612353688 688381173380329308
870904577490386237 336917322482348272
18781052911071323 70986000998043368
354598442890527824 811113855806968203
293389822989956619 729942335276435647
404912120334184345 635219640576011042
591053482500727849 327340489586218983
138891142470407699 682545995484651451
944491529755111751 172716109196395744
203133198423887871 671908214017106029
985934419682783180 466835595219191031
31173729368644146 996732389598091558
601628716429468354 29026628875896958
96230505478411883 832136876473694126
969452073859985179 199308166406301233
36178124345154243 855315011445710967
398366474620977536 906087269717534883
789510328451122346 717294702153468505
503077828265016159 400267073959698965
149579117156204020 105450688354451731
792241807244002188 778276396106819447
23248334685926035 964562946650197254
580633528993430947 163985815000908798
835569090325470201 171002983741810563
340632019070709088 607499920951902784
255637655873746339 869223137047913213
382375680118367393 561544488740711833
869605497106394945 435430759841794155
667218695685469997 656830026648368425
925415139784760179 819623101254314224
752860308314889834 136033235945404197
117866389878749102 108350007859284903
820593038576641156 994739638311349244
356757849098325590 779923046077979054
862585759408842340 284697702927605632
753240274126868842 884654984294985156
694469990875601053 183427238493194703
947959826230676693 883044283927373468
530630796598727704 811377470557221195
493943771521299921 490976230220958986
981217778560083892 88902310854929355
419069047463985201 685954503606148073
430198722851570822 599263242929627894
964362896900246721 534995987581188103
750957104281607032 20060564679087299
185811222024497406 481955434602997588
425531279646305242 477625249755298561
645229997553227832 23427481601718628
926677017254617444 75981684105168313
85258406520736191 861908911230070216
205114826336562745 274432779763271074
181983191783137530 116091794426135484
603622611803205810 720320869485278067
625671693143129436 892793285043833824
808254796649937271 777186387355064685
49200253531963161 223929552686430988
946619308166666556 232283591761589761
374811961295208062 801885452525788077
720191054186579348 116140871460876555
703059865359820229 978335497446583458
249356062806773943 8415905128920167
12406058047951927 826795125838237335
571899895652619589 850003691366439210
462065185777068108 326260529273574655
187707196747752662 594835726912748932
662495860505257516 674844730447415683
106205755096731186 20802641742882556
47527511788386739 384214144791116964
235442041320612772 163305473509497169
683359373469064105 165185327565327905
184338089858342003 937946958198534341
849095603922088132 387309979619411958
290872439053381017 776132889025380502
391670724030511520 935216823463471093
143796513103238060 829921237921745579
593845474755071560 440846411556813641
394550144750179938 948739130224672598
779145983283127973 870964900018755056
322395024424122854 198903342777574036
605330114096949684 556403386820867917
855049192349854230 917582961301908461
571312743374665413 100411148734510715
228333978473392595 36522642019862562
872160875876465775 584817338601661000
266376744172632480 519262867938996442
994867706413456517 826473213971824529
635496529217406642 367566651672499720
320776224116888861 173642247742107912
484274160255138334 300231067696345018
418815612087487868 866864235975285174
253049234797624637 40504459157291628
734205187413576394 560597475925369548
102082013776113090 786231543022721420
2269264145672636 911166611971880124
388478475205609868 618501275257252882
147753702520906048 300992163971113565
159145545144312003 759390695206761472
372724913224834787 537246049940941445
643123530761028653 29730757973887170
798896547918001249 601382804332408093
596094104063112034 5410582932060842
386349610349820153 441180161896079479
854696992932358505 173943484841227428
241997488460825745 306938259357401254
108460982167094282 249733420905385952
930943898096324143 486193570388052912
154458598284736907 604182550646732907
333152053927034808 711375761421936088
729124811428494630 890587230634069901
944077900177537524 504688894397143697
613469848999990202 368096783365812238
762362367786999854 754092555590948656
67416410536540403 657685965348514515
376290839813616878 952807344298343759
565946632820184896 462241242796987086
798094242083286631 186096669045733936
850811062877156859 473316505959616272
898288527352984038 315571346472257017
506910716049324801 626352835736545819
205848900592027124 716796816146916727
685580827026621580 669585625875890017
714143333717034659 50533240149023124
447158515322303608 623855983205878427
512656175510267406 962640740521475133
746506688329065889 645848252497084771
283571931894672881 571849335515564419
7264867111379117 25208590496445513
201909556529957230 68994321936463210
473992658198455673 246406710587197612
120742431437930594 532344567241937572
601924199559404635 958334340743232079
563535077536547152 331365641888281126
482164684727633916 984582113122545357
209484260762363514 64244062025936897
453986214881284191 372034816472570741
511051521494695408 282420291986317230
469210923906405145 939025341880003613
424264951457343252 16871062845930263
787775503490788470 7307691154442727
311068126237669071 426726559521660901
891389634718725146 680593207552558894
278551380677253451 905788618205821782
140607100546921506 374423052075641299
67068790100327624 388137546932210359
165779280384814170 288612510135295232
546657184833415661 647090134575800535
206297195669625349 343321971435474660
955516914393353662 204301621007955585
201814768286532444 345519809104866859
623019228478039357 901885943228027912
108742893643097074 385833591083298851
960642905051200197 121956849347601664
564078943605812514 45096923019480880
431204681018284171 932143430845673460
95487572728500730 138991246754445235
330143014081601995 220101871416722865
590121975761612680 74683918620918632
741536546612148135 698759417705920068
399644850598476696 986468125540918694
527094399169198442 54271566948183519
541055675473811461 274149920361259546
726226536535640121 568243574877603683
259291970812223503 299871906306471650
86457494973124636 3240208595961500
717398027621050652 724680888705037291
282174887403663036 301004160191280183
659829740229319727 709780643348698310
612780568720373674 44220608650524689
4970968752402418 483722376076964587
430996554271361120 251291091413245114
879493390496248673 494751065112278964
817823869797062789 943857050856912545
14859222991193457 436295566180239064
891873509933716827 536539154511007527
157547341745458416 936230876964716632
320479050013198163 207151435171148700
330822770382300592 378769383368979290
185420653823452186 224418380381068583
459336812066559825 187645155218796566
938634038647606586 383272302187022781
397470395874415069 761515844404085716
995160749095243862 341589731790341857
953037505839464743 561575218122016545
237767843297086627 393304407719923014
464659650690447327 885826446808137723
8948241587038992 533705708237335427
219552405747412701 411671250732775819
52769208838831422 518352041657145115
587669419341863748 779351202036968450
815911740185483505 103110296808462307
605798056759907007 776089655692335701
651885190889159699 856921137459082458
517462162496417476 141550930843313792
218657163399811276 75739697197638611
130693511258638524 509000701711471414
58032193435476736 640855414110224393
769472360508910468 516637774515372520
338703336191479839 6847947088654979
767127315660720022 488279977087994789
409722534493057289 470101934626291695
753527684344983361 11443185875197272
731413601933903243 765844406548917443
16491796408427112 289702874382997295
153168527249328415 435911517006307419
955426560523822255 108840243092903403
943299984687482557 314340066018239280
264846710638561874 590833353235682851
76341132735450373 18277757815593426
780884842520229079 204852438758030621
342937358660974338 135565280264680082
630723271006254036 610078145907568879
765160322607643094 611880589597330509
963007667341286644 502548773852825113
52431891610611642 538619591883364116
248694125440362502 984622866235863181
704745744332329156 152391899425365042
782238909996524174 380526364526390680
213835431914762412 526405325078821945
585927004836724862 495403471265580727
581063473801032429 901683366655471066
69828293389898086 655053761922547721
592514426504466065 550508948284108320
171995082173391568 410370609366239468
481905424717722185 721849923959431926
192633318906106779 489771869706992762
835801031200949718 428151919496166150
317071741916413491 390457141804665918
505978261080890895 959078912116592965
13477842632466833 153357861300540678
527967229398770359 825898582729663744
451713956804141099 309599921376790074
280165443049033903 653329516453549697
433246694202579130 138640093967927000
122106639826235208 967955550655597443
306098819054096058 209768323966766717
460584675599477431 811399162891034250
583899879586052532 995568545121493450
922236775538870896 606216910571942296
196094454414696810 439661250002691779
209856842874482545 669832089193823946
657168974835686706 279342561734159652
36968783087493681 827354711534383359
336263540487893726 911654802848897600
679706640090317577 211640322370935847
171433056103420823 840702710468821464
523660806631987676 760637840286439365
342805993693451651 145215792518520310
95928835909958171 368299670691565449
125928091990378332 629644382003054043
744331692357118353 670343541371415042
786999477433449243 431673336298461829
495023005607459912 180072739142650535
639624869561362860 332173844065510687
523611864717566216 390101248938085548
353165824845037046 852899618130158255
244663057903628730 612884674475799033
694257021049050610 238119747325488930
