500
969 876
768 397
767 291
760 484
80 814
292 257
352 381
931 656
192 445
629 995
529 862
634 324
535 991
538 29
517 983
336 274
72 36
630 59
178 937
491 647
858 584
688 418
92 639
253 972
833 416
599 650
936 280
466 964
331 306
801 724
359 572
670 461
481 985
952 248
327 323
723 804
47 221
355 130
459 821
30 366
588 189
259 397
698 853
311 969
60 249
430 385
455 863
662 282
988 676
412 95
64 68
154 405
215 160
549 44
49 745
698 181
387 488
766 965
497 647
391 685
167 522
789 496
139 896
629 474
612 297
269 812
464 746
311 482
314 330
400 781
388 381
195 450
252 807
221 249
224 886
803 93
226 937
148 785
553 545
441 64
437 979
406 123
333 889
616 424
56 403
653 626
54 614
502 332
983 694
164 503
240 790
664 22
416 914
980 476
55 29
515 599
635 758
711 137
77 949
775 123
392 815
415 590
392 915
922 342
682 137
955 849
425 71
668 890
723 441
330 209
351 342
390 831
40 788
587 869
88 321
180 94
765 816
171 669
468 826
729 300
350 705
92 679
163 491
964 751
910 60
547 654
615 689
707 542
914 432
164 143
678 818
895 461
605 306
799 703
232 513
712 129
169 21
919 745
593 513
780 49
999 649
657 289
55 81
534 8
446 219
241 932
805 915
826 312
169 697
508 107
816 792
529 858
666 120
98 389
987 983
741 440
447 682
696 509
658 516
568 107
728 848
361 777
272 973
559 537
629 63
285 679
613 504
100 319
966 275
874 39
852 920
956 312
683 181
384 419
252 620
59 469
312 980
654 326
467 16
84 929
468 99
21 432
752 523
512 111
928 612
274 466
147 106
363 471
808 385
165 617
486 170
351 276
547 580
988 926
569 31
714 264
970 580
233 152
679 736
996 764
94 832
853 909
100 364
112 885
658 458
960 711
301 569
565 299
794 192
375 293
9 286
332 947
420 660
447 440
158 354
446 512
11 83
379 677
180 528
496 10
330 34
977 283
859 962
703 358
437 394
760 997
760 443
892 687
550 533
170 239
313 903
418 51
835 469
350 726
813 328
711 921
90 340
142 443
258 60
822 71
283 506
188 474
245 307
863 242
674 649
761 814
864 241
858 680
763 236
946 32
966 153
143 52
19 782
988 917
897 615
106 920
546 149
800 38
870 619
361 543
25 41
331 545
1 758
392 380
799 530
296 989
125 266
469 305
813 806
447 40
280 242
247 774
791 809
757 960
747 406
901 354
176 199
266 752
164 928
759 965
725 968
554 532
801 528
361 290
313 356
479 943
736 535
172 263
598 905
110 232
90 630
608 459
656 996
809 218
601 329
466 31
832 976
224 412
137 564
131 652
279 128
657 624
643 212
214 697
109 356
477 579
371 167
374 642
806 648
75 634
368 338
433 47
710 720
979 478
693 906
171 932
52 482
519 92
614 736
320 616
585 894
255 433
965 536
919 365
365 102
624 240
972 222
998 533
475 255
987 390
121 98
230 195
587 606
208 407
13 400
46 98
537 560
101 169
340 991
745 312
273 127
581 402
854 93
531 283
884 948
128 150
85 844
289 762
234 769
612 226
433 609
371 494
867 101
834 600
859 175
33 989
227 126
226 988
789 598
996 220
934 154
929 812
698 350
506 355
219 36
522 277
348 695
726 37
432 619
854 55
908 240
86 935
319 208
932 365
719 657
360 288
802 92
829 286
583 343
681 561
809 879
306 594
689 900
49 173
859 445
715 221
645 41
360 396
707 101
95 846
855 249
98 310
426 942
666 427
901 512
179 844
637 920
983 91
805 676
185 811
888 746
737 675
977 446
649 397
718 581
532 714
132 53
331 817
860 437
311 875
406 314
150 484
851 718
256 469
536 193
143 805
9 944
752 399
698 478
300 436
776 887
805 473
528 925
591 93
584 886
691 37
985 974
394 323
431 274
636 195
282 875
725 97
875 787
364 605
993 455
556 718
280 981
574 499
371 861
119 567
820 207
835 528
394 901
55 811
483 930
274 999
696 438
614 931
500 100
299 150
88 444
428 554
683 774
521 93
425 666
170 892
280 200
577 601
176 464
539 901
608 14
868 733
226 828
852 869
923 868
683 4
958 839
108 270
886 250
353 781
514 481
252 51
504 259
989 372
982 680
21 879
14 649
39 869
704 689
415 435
678 917
90 831
887 552
847 93
363 691
358 682
31 257
567 429
216 633
852 625
149 931
269 559
91 968
72 898
364 705
134 661
764 26
51 556
417 723
74 45
