500
290 89
61 37
21 625
80 23
836 784
50 28
809 710
928 304
942 842
925 749
678 149
961 777
441 133
295 493
175 227
456 830
25 494
521 933
694 852
37 818
119 130
923 197
878 275
887 983
48 6
473 91
661 648
179 186
419 760
46 148
385 204
208 629
753 880
556 206
224 221
868 864
209 740
787 370
834 367
182 123
67 5
764 325
602 296
428 332
21 262
619 227
445 297
507 291
673 848
650 94
289 235
119 747
59 465
742 912
534 645
612 989
780 781
828 315
569 334
675 853
860 190
963 243
867 112
43 292
90 867
579 224
353 750
458 998
741 330
954 55
532 298
958 512
532 912
810 654
790 284
91 518
383 120
823 872
526 778
46 632
114 603
70 477
983 170
467 520
772 135
152 78
724 73
975 283
634 632
233 454
109 880
639 344
80 83
109 428
796 559
751 728
190 370
653 633
700 308
79 505
292 998
898 715
609 16
73 637
131 317
157 18
723 433
886 458
636 101
543 508
609 903
0 260
31 827
784 105
900 777
188 689
989 121
151 439
140 210
122 750
681 873
115 415
709 326
916 196
313 815
351 362
276 411
576 946
963 958
582 537
312 369
600 894
163 647
955 565
887 680
814 299
307 937
460 779
187 885
478 588
28 720
398 645
133 478
84 600
111 622
734 637
112 550
680 296
16 202
35 991
825 261
815 814
768 552
210 191
118 750
296 930
612 667
171 990
677 971
555 719
971 288
635 496
208 25
5 596
108 126
953 379
264 353
985 398
68 184
917 308
353 872
930 822
683 78
528 544
404 50
154 442
517 602
892 326
884 844
511 895
195 713
184 263
351 135
761 361
959 278
41 670
521 602
60 843
437 499
964 535
964 194
908 568
805 47
426 876
694 158
352 723
521 59
332 795
872 221
614 840
230 784
273 845
696 694
466 388
691 504
154 956
684 554
28 481
895 564
913 895
225 128
194 986
252 602
172 398
193 810
604 704
336 299
37 774
756 595
708 181
827 373
664 11
382 312
847 336
908 55
314 753
500 154
416 685
350 948
299 620
668 835
65 71
675 887
26 145
626 485
459 293
128 934
64 261
275 424
871 498
272 131
973 664
747 723
495 921
387 6
831 206
434 51
207 523
171 33
707 643
817 379
934 637
743 71
212 88
650 935
905 411
622 744
81 577
903 250
946 967
613 779
146 201
736 365
429 472
250 219
496 988
238 970
496 791
943 207
785 570
666 471
750 860
7 740
68 65
539 214
527 573
313 264
449 828
38 935
500 168
380 919
507 826
795 943
820 947
717 977
88 636
984 487
763 155
288 521
276 543
558 335
236 145
362 326
660 613
459 731
951 915
870 949
241 864
723 396
225 462
498 221
987 494
844 609
974 739
854 525
763 530
353 488
650 984
207 635
205 729
336 64
742 168
773 626
441 707
738 983
307 246
527 988
176 381
405 689
894 876
572 81
817 605
461 325
740 546
869 56
662 786
467 510
877 823
471 787
584 593
302 785
562 686
496 52
118 13
829 223
815 717
604 649
640 897
724 211
928 826
738 910
275 584
781 586
36 964
259 779
223 169
2 663
548 126
31 519
97 415
604 990
226 351
603 453
866 761
797 664
806 512
390 753
260 4
684 734
916 916
2 565
53 412
649 174
540 745
206 450
116 843
905 97
669 896
13 780
915 2
756 453
962 389
507 605
342 245
55 59
952 279
937 728
93 208
167 789
470 596
50 29
154 754
848 96
857 583
359 85
205 473
234 126
237 912
871 523
417 782
449 605
470 530
428 161
281 773
230 922
464 944
595 817
631 675
371 73
212 19
724 437
457 572
581 947
911 755
300 656
409 312
311 98
503 471
485 2
931 778
161 216
480 184
676 100
685 612
797 906
450 608
146 734
660 143
323 465
141 191
792 485
320 211
343 333
508 982
470 882
857 376
681 601
866 64
257 998
511 887
414 907
281 567
546 694
3 974
881 252
644 547
343 31
877 138
773 821
744 613
96 265
422 964
251 405
361 734
680 311
788 758
725 966
49 768
587 461
943 350
553 259
538 25
367 274
96 267
202 243
940 973
967 548
935 706
242 965
422 220
763 395
314 675
875 398
258 466
600 857
640 362
395 460
974 885
373 246
387 538
421 829
441 589
495 240
628 61
811 159
938 694
944 199
447 324
839 165
655 671
560 863
541 667
356 526
656 828
993 389
924 810
28 157
833 553
179 64
225 75
808 503
943 222
786 773
224 970
415 509
212 769
924 797
194 869
983 585
173 53
