1000 1152
10 85
956 898
967 714
94 634
211 502
6 284
474 58
898 897
599 70
299 580
647 229
288 826
832 806
987 956
720 660
619 126
980 13
409 710
491 833
749 587
998 97
631 375
787 44
961 569
527 483
476 894
459 559
298 742
519 378
368 71
212 604
281 927
312 517
738 813
610 423
856 600
589 32
341 160
713 657
654 230
137 196
214 66
485 726
799 727
745 394
367 678
9 102
412 329
957 195
412 192
83 830
406 50
610 584
610 7
19 628
48 153
976 138
960 193
118 107
548 432
405 116
469 809
573 129
903 639
673 965
885 587
913 218
685 442
674 775
83 622
685 443
377 987
770 103
222 520
134 186
65 28
919 130
902 330
149 290
354 438
772 852
482 254
399 278
161 793
446 892
586 39
302 843
682 226
88 134
182 725
780 749
359 763
368 499
205 22
330 276
287 844
10 370
320 166
303 960
694 230
34 780
292 230
27 750
925 178
712 958
492 486
397 702
703 693
319 48
830 206
484 534
666 74
642 842
403 864
746 932
642 191
996 610
800 786
318 455
264 485
347 747
276 378
615 789
113 492
368 580
700 823
608 121
711 453
862 922
250 409
673 238
490 814
900 194
871 32
428 787
946 274
344 691
151 101
495 358
638 512
20 126
148 68
29 980
298 237
80 186
88 531
593 506
263 168
559 709
606 438
343 496
797 178
439 830
745 753
335 749
905 635
467 184
246 385
109 881
294 777
264 196
785 87
415 830
452 328
236 900
940 770
763 694
358 253
506 215
370 834
262 144
188 10
606 502
589 318
655 367
462 116
864 519
661 944
893 416
853 208
934 881
897 261
135 518
962 112
839 451
46 693
14 845
911 627
9 112
816 595
268 857
919 960
831 236
419 797
209 903
436 816
120 760
401 845
107 331
230 821
614 277
166 916
738 409
46 832
550 323
535 539
987 302
619 329
415 446
798 844
308 786
707 597
483 549
970 831
958 977
721 246
746 113
115 770
620 312
198 473
608 859
308 255
355 789
751 426
647 71
662 585
576 98
356 921
963 803
304 560
127 651
106 548
370 233
951 746
484 701
557 197
468 107
146 347
691 301
310 289
280 887
411 873
582 513
412 567
863 792
815 918
124 341
741 261
268 701
813 216
117 195
802 422
641 32
454 322
747 38
504 524
13 138
903 93
812 637
502 55
17 224
405 640
536 844
693 109
302 99
753 154
927 543
233 431
731 877
894 416
338 294
992 844
964 693
503 370
95 471
15 704
146 395
91 784
722 681
741 204
874 816
555 447
534 138
907 842
452 911
434 513
776 68
1 933
446 85
283 507
152 184
674 49
609 786
808 920
932 984
706 249
618 328
162 933
437 697
379 886
166 277
428 891
32 981
190 744
990 881
768 522
852 673
54 801
184 680
51 471
925 394
854 1
944 368
297 737
140 373
228 520
296 818
377 402
509 448
443 733
299 67
886 827
821 30
736 407
739 310
244 483
100 2
189 871
768 846
443 346
441 298
179 886
651 190
460 503
474 714
136 103
924 697
761 816
991 35
82 212
29 830
236 966
257 47
138 433
998 642
712 575
548 213
594 922
962 893
378 759
463 147
472 945
266 136
722 767
934 76
706 575
616 419
829 446
403 194
631 898
152 780
907 453
838 623
536 317
384 10
115 715
418 249
896 95
191 382
572 160
472 839
866 557
925 736
534 459
781 782
262 857
490 834
699 779
458 814
60 872
647 337
345 294
599 676
813 634
946 704
610 967
363 148
366 106
807 493
83 385
659 222
540 870
882 995
68 843
232 586
659 342
753 608
433 677
937 179
970 213
643 566
910 922
798 488
738 925
641 695
689 264
375 539
977 63
534 355
305 561
624 85
219 431
110 354
264 914
764 294
532 662
118 809
752 927
548 131
522 655
519 913
189 409
230 830
442 514
969 374
114 899
788 8
978 796
592 442
893 30
955 1000
965 400
894 91
948 333
79 620
340 635
77 119
943 27
755 424
206 904
969 585
26 284
422 334
881 454
240 6
875 3
959 341
3 603
865 829
740 946
946 20
782 593
817 641
733 98
452 859
51 635
656 477
353 302
893 717
107 139
678 69
585 294
703 353
289 290
250 472
375 62
370 324
344 500
928 432
897 112
820 297
138 43
66 910
735 89
216 9
474 757
536 673
700 259
890 103
819 682
777 368
960 400
419 207
928 106
206 781
73 973
457 878
353 454
708 271
133 185
974 825
569 308
143 590
592 686
711 569
441 446
181 424
39 8
879 684
813 904
835 298
35 75
677 774
707 84
511 783
96 867
225 647
809 11
369 199
295 957
169 219
394 220
412 798
324 247
888 344
969 246
119 457
450 797
229 60
326 586
988 234
685 848
401 449
909 651
691 527
682 609
848 491
978 618
52 699
49 551
930 85
797 368
610 677
812 487
704 994
75 421
455 424
947 451
933 72
678 723
805 897
215 809
182 504
374 536
374 639
425 235
768 348
857 950
510 789
110 522
572 904
575 878
858 124
538 557
249 60
135 772
30 455
546 508
447 29
829 476
815 202
649 476
872 503
861 383
265 497
362 953
245 595
500 193
704 879
477 835
489 728
938 199
376 341
347 377
849 896
447 187
86 639
527 247
721 560
557 649
618 327
668 388
848 946
267 298
571 303
868 306
862 897
221 824
108 386
155 232
357 20
426 73
102 685
373 53
567 754
21 450
163 592
209 280
942 352
576 119
814 357
53 843
652 760
962 516
113 375
445 518
748 145
580 268
104 576
942 703
371 823
317 324
943 68
126 648
219 757
775 112
472 243
394 898
209 117
484 805
905 567
217 937
320 735
285 641
388 969
574 657
171 577
577 167
984 838
238 35
130 360
29 228
133 16
408 558
211 471
499 646
484 852
618 862
685 171
397 330
384 605
226 337
959 702
814 450
596 210
133 858
483 761
919 830
614 271
615 855
550 41
1000 403
45 806
546 252
493 345
511 324
505 673
894 399
777 509
859 746
479 469
910 171
653 529
280 593
124 581
493 750
429 240
447 377
72 771
998 187
283 886
60 948
32 514
402 437
254 849
290 513
307 617
376 279
829 470
495 14
931 525
525 721
357 711
233 484
733 895
816 304
869 545
692 308
359 215
223 989
268 932
165 905
503 419
357 521
864 349
572 542
647 868
954 289
838 678
330 26
387 955
385 238
303 104
191 795
951 984
580 631
238 301
329 31
644 824
175 350
957 61
140 816
243 427
719 977
602 676
475 549
41 592
643 471
115 485
201 93
247 945
977 909
56 958
222 223
7 283
221 788
474 606
217 327
339 736
747 793
310 71
292 18
539 441
264 795
290 870
372 164
826 626
798 612
176 296
222 844
675 798
988 647
176 225
379 956
423 577
338 421
632 880
654 985
274 273
273 297
116 556
856 814
478 126
524 444
804 490
978 943
666 592
647 110
604 294
848 17
615 126
687 836
874 490
656 289
682 212
180 281
956 230
25 537
335 661
123 276
483 575
604 810
185 327
965 30
935 466
314 2
657 736
722 573
793 292
149 770
395 254
909 810
953 318
167 919
139 886
542 239
250 56
883 456
562 526
899 258
176 184
563 869
478 668
939 540
647 190
991 316
456 202
850 364
76 693
620 774
931 239
241 102
45 716
727 220
666 463
50 972
954 162
74 254
768 772
716 422
149 300
932 147
176 876
107 998
780 175
64 565
520 422
845 299
981 462
883 150
487 834
373 329
335 673
845 64
883 614
401 473
439 271
388 77
935 154
455 305
702 76
523 303
378 95
132 823
301 48
917 968
510 497
155 888
576 954
829 866
711 955
458 503
931 985
728 934
927 704
128 694
327 448
485 177
892 237
646 928
910 796
774 392
535 557
5 709
418 940
762 78
861 601
21 392
882 777
71 385
681 878
50 379
234 155
710 410
381 174
920 722
758 885
808 110
619 730
662 998
110 556
325 512
846 696
899 29
360 253
104 864
946 125
504 403
1000 203
737 795
350 191
419 35
260 306
988 390
981 260
881 858
840 433
460 496
981 538
264 892
200 106
295 17
18 95
937 213
248 216
212 47
801 602
701 349
927 526
658 457
291 74
717 258
994 945
787 85
487 672
140 618
45 99
361 866
104 818
268 444
223 910
203 693
120 55
327 821
911 380
824 722
608 698
813 17
363 26
85 784
526 523
420 680
844 539
300 457
420 249
102 972
614 134
343 922
326 137
874 374
416 905
54 465
75 13
736 635
483 216
827 247
146 429
114 613
663 642
593 431
793 267
475 117
958 762
461 831
943 884
864 617
834 298
704 992
193 115
711 104
939 505
230 948
477 618
745 604
905 804
107 573
293 260
412 936
358 371
364 980
335 88
735 853
464 883
138 362
70 482
603 12
238 897
121 657
517 196
885 495
486 153
875 386
520 740
730 4
653 269
286 279
710 548
138 39
754 672
145 612
499 232
195 476
251 479
436 151
282 221
589 555
835 716
698 475
788 401
65 530
169 141
435 537
308 502
83 199
604 47
718 20
400 745
970 82
914 849
348 423
433 472
273 671
21 960
729 902
905 38
403 221
333 748
209 739
724 427
914 788
129 300
964 919
903 772
75 216
173 684
182 755
521 293
596 703
829 651
776 784
890 492
267 112
257 55
213 821
964 715
775 731
561 550
196 898
416 711
998 398
53 664
818 3
717 364
405 678
682 998
487 992
551 844
932 865
589 765
874 920
777 187
884 745
402 5
705 123
144 375
117 210
595 583
170 630
330 12
776 337
297 526
503 82
558 879
184 877
888 568
975 961
846 991
147 144
430 561
340 860
116 213
485 166
102 275
579 220
531 418
487 855
868 247
903 756
677 893
733 349
135 449
856 78
968 830
498 612
799 261
381 329
100 892
741 600
906 267
919 710
169 849
467 974
920 701
914 435
335 94
617 949
272 100
664 862
286 160
305 524
431 415
960 95
286 661
539 590
20 207
405 526
101 628
728 890
19 574
359 868
361 161
623 780
814 737
54 5
409 674
243 451
398 990
636 615
309 886
347 508
807 109
373 159
457 157
153 756
300 19
457 867
545 1000
791 746
779 633
803 312
100 511
395 914
527 229
967 974
395 346
23 687
348 421
836 549
918 794
929 915
774 801
631 833
716 967
201 423
804 613
355 200
81 989
28 819
597 370
50 624
734 367
327 658
62 406
936 432
362 590
232 626
632 871
820 447
349 552
857 225
345 818
862 401
405
739
248
301
796
906
833
274
261
996
331
778
364
57
729
250
157
171
992
91
799
730
709
860
923
442
1000
874
563
391
538
136
364
858
95
458
55
298
84
655
796
622
625
315
852
941
894
148
455
311
352
643
670
465
564
463
562
88
376
212
34
148
780
847
860
166
77
411
263
866
209
179
491
994
552
731
227
53
77
596
515
592
50
422
643
1
70
238
839
980
524
637
16
388
824
85
361
514
463
470
396
957
176
820
582
130
366
964
145
33
310
664
703
203
521
32
838
52
1
392
736
627
448
265
372
217
884
908
325
43
663
55
435
228
644
175
628
751
723
345
271
426
137
941
511
512
690
902
386
528
829
951
462
140
314
128
738
620
470
771
502
588
702
380
286
738
294
675
730
312
642
586
849
140
517
418
468
150
501
881
479
886
753
637
515
763
348
463
693
182
212
82
565
389
74
36
36
581
707
323
187
905
341
777
252
596
38
226
535
664
341
749
422
214
767
244
532
234
170
490
248
198
151
823
626
591
160
344
720
739
783
304
234
90
291
619
218
653
823
273
823
186
511
556
223
393
796
276
194
852
8
674
568
150
734
948
502
945
988
946
742
747
930
843
592
815
448
247
110
331
120
586
184
490
342
173
153
104
336
703
501
943
749
449
412
920
241
188
335
671
774
76
759
463
574
276
823
221
418
318
891
380
935
375
533
678
694
132
32
309
555
766
316
150
604
586
187
462
537
503
504
126
317
470
481
884
861
630
594
940
810
588
988
471
234
444
728
869
402
707
929
979
809
878
184
848
414
580
902
428
474
537
715
633
978
953
959
474
569
700
811
992
91
674
429
445
69
434
300
711
303
565
941
524
792
950
950
295
61
22
344
861
22
791
924
76
196
304
346
441
876
306
143
684
238
508
70
858
40
767
667
587
659
260
585
794
