37 601
18 9
6 36
3 14
32 5
29 10
32 7
1 25
36 12
16 21
1 5
18 2
29 8
7 15
3 23
10 31
17 4
16 35
27 26
13 4
30 35
18 6
20 5
33 28
33 34
14 18
26 17
22 37
1 23
19 5
15 24
23 7
28 14
10 34
33 29
13 36
13 29
20 23
13 33
13 37
10 3
33 15
16 17
8 36
32 30
34 11
9 19
2 21
10 13
16 4
32 16
26 22
10 30
7 4
1 11
11 18
15 25
19 33
32 1
4 8
32 23
35 7
23 32
24 1
2 15
6 15
16 24
24 36
26 14
15 9
21 31
2 3
31 27
35 21
31 2
31 4
28 26
31 30
30 34
21 6
16 11
3 31
7 3
32 24
35 19
12 28
4 19
11 35
21 33
25 16
30 3
22 33
36 15
29 23
5 7
26 19
11 2
8 2
10 28
6 18
14 36
22 13
37 4
23 17
17 14
28 25
9 36
16 34
19 24
13 27
4 36
37 22
19 15
37 8
12 26
36 25
27 12
5 11
2 25
14 19
27 20
31 12
16 10
22 19
8 31
9 14
23 6
16 9
30 24
17 34
25 3
25 26
18 26
22 11
6 2
2 10
12 29
10 29
14 11
11 28
12 5
34 35
11 37
28 36
6 10
36 14
13 7
17 5
24 35
26 37
37 27
16 36
9 18
1 33
36 19
27 37
28 16
27 28
11 27
3 2
17 8
2 20
35 17
7 29
11 19
21 34
26 21
24 14
34 15
14 33
19 12
20 7
8 5
31 15
24 10
9 3
20 36
19 8
1 3
22 29
36 10
26 15
22 28
35 5
31 23
15 19
25 30
3 8
28 17
28 3
19 27
3 11
9 7
8 29
35 4
32 8
1 24
19 16
12 9
7 28
26 12
7 24
25 36
7 1
1 8
6 12
29 2
29 11
12 13
31 9
16 25
24 16
36 23
35 30
11 22
34 4
28 22
11 20
33 9
17 12
33 18
27 31
13 1
21 13
29 32
26 29
28 33
33 12
22 16
31 36
30 19
4 14
19 32
20 25
23 33
12 18
26 31
33 25
11 17
10 11
14 15
26 4
31 29
35 24
20 35
37 20
20 37
3 20
12 21
21 27
26 25
27 30
32 13
18 5
18 10
37 29
8 18
19 36
23 3
24 12
12 22
32 15
22 12
26 1
37 16
33 37
8 34
32 31
19 17
29 37
20 8
17 13
25 32
22 27
11 33
5 13
12 35
33 8
35 15
17 28
26 10
25 18
4 12
16 28
6 19
32 12
18 29
11 1
31 37
2 29
10 2
22 31
13 15
6 34
7 17
18 22
29 31
27 32
9 12
7 36
33 14
28 6
36 29
32 19
33 19
11 7
19 1
36 31
19 25
30 27
24 13
11 36
18 4
26 35
25 14
34 30
12 36
6 30
4 1
5 18
18 1
34 21
8 30
10 12
5 6
23 9
3 30
24 27
27 4
11 14
15 18
15 32
17 31
29 4
16 2
22 26
28 12
27 25
17 2
13 6
36 9
5 28
23 36
3 35
30 33
32 36
15 33
33 2
18 31
26 13
20 19
25 27
15 17
6 33
36 3
7 34
2 26
22 8
31 7
29 16
13 28
31 11
11 21
7 26
1 12
28 9
1 2
1 18
9 23
22 30
4 24
25 9
16 33
6 11
15 23
28 29
3 12
17 26
18 3
24 21
4 11
10 33
16 23
13 24
13 9
27 16
34 19
29 19
22 15
15 31
35 32
26 32
14 35
23 2
5 3
3 9
23 18
30 14
34 29
34 7
8 26
8 33
3 13
22 17
18 21
18 35
8 9
16 20
18 34
18 25
11 31
34 25
15 3
31 17
12 37
27 23
37 34
19 11
32 9
3 36
9 10
25 12
36 20
3 22
29 3
26 20
18 19
23 37
37 33
21 4
7 22
13 30
31 10
28 13
21 35
3 25
18 8
17 9
20 33
10 17
31 19
21 20
3 4
21 11
8 24
29 27
7 13
37 5
20 1
3 26
9 17
23 24
16 27
4 29
17 23
4 27
35 18
31 1
8 27
16 1
12 25
29 18
8 15
21 19
29 26
26 5
8 20
32 18
3 18
11 3
27 35
3 32
6 9
25 11
36 1
1 29
21 17
3 5
35 37
24 26
26 34
22 25
30 5
33 10
7 18
28 37
9 4
9 33
6 13
5 37
10 7
29 21
10 18
34 33
9 20
7 25
21 5
19 10
4 23
16 15
14 13
14 17
6 26
15 20
20 32
22 34
9 2
37 10
21 12
25 22
7 10
30 7
36 27
8 13
33 30
35 29
21 36
10 4
26 30
2 31
19 6
36 32
2 37
36 13
16 8
20 12
14 12
24 37
23 1
37 23
1 26
17 1
10 16
37 32
5 31
28 31
18 37
33 11
10 37
13 14
19 35
25 5
6 22
3 19
22 14
17 7
12 3
13 10
32 37
25 33
25 8
33 22
29 15
8 12
5 26
6 25
18 27
35 13
24 11
27 33
34 18
2 35
17 6
29 25
6 31
14 31
6 28
13 31
29 14
22 5
24 5
27 5
11 9
30 23
20 2
20 10
34 28
14 6
12 11
23 21
1 27
1 4
2 17
24 15
22 18
25 13
23 30
12 8
4 5
28 30
27 9
24 8
32 26
25 23
27 15
10 32
8 7
27 18
22 21
26 18
21 28
6 32
501
7
9
25
8
7
5
8
2
27
3
5
29
25
14
10
8
17
36
15
10
1
3
9
22
18
17
12
21
28
26
23
30
1
14
27
29
7
13
14
16
30
6
35
29
7
5
20
15
16
8
30
22
18
25
29
20
31
17
6
33
36
26
9
7
32
11
10
34
13
7
27
20
22
1
9
14
13
34
37
18
33
32
25
23
12
5
25
12
35
25
20
9
27
2
30
31
9
33
25
12
3
1
19
4
9
34
13
8
29
7
17
34
9
31
15
24
7
10
2
32
33
28
30
37
5
24
35
31
27
10
29
35
21
36
9
4
5
29
36
17
37
7
14
29
20
35
4
25
19
20
20
22
3
6
19
3
32
12
22
9
25
19
8
14
1
6
30
37
14
20
26
25
33
18
28
31
13
15
35
1
22
27
15
11
4
25
13
15
7
5
22
17
10
22
35
29
32
2
13
34
27
23
33
3
11
15
16
18
26
1
36
11
20
18
7
22
18
2
17
15
15
33
17
29
36
31
27
12
6
35
29
33
15
11
16
11
19
11
11
23
15
5
33
24
19
22
7
2
34
11
28
36
32
36
6
12
11
8
21
20
18
4
8
33
34
33
13
12
13
3
26
33
11
19
3
32
32
28
24
15
14
29
32
27
23
37
4
19
21
19
35
2
17
37
32
30
1
23
22
26
3
24
24
27
5
6
22
18
19
27
11
22
13
36
4
25
30
6
35
23
2
35
1
19
29
21
28
23
26
27
19
28
1
14
19
28
24
28
5
12
15
36
12
11
1
24
26
26
4
16
19
9
12
15
29
4
19
32
29
29
19
7
37
15
21
36
17
10
2
21
7
4
28
32
6
14
28
10
21
1
18
34
18
33
33
6
19
1
18
23
23
19
6
28
21
4
36
5
18
16
18
18
9
1
15
21
23
19
34
15
22
17
30
17
15
17
11
23
24
36
21
17
17
5
21
24
18
10
36
4
15
5
24
13
35
13
15
15
32
2
16
7
35
30
8
16
34
23
37
21
13
37
20
11
20
6
15
17
29
21
34
7
14
24
12
25
25
35
35
16
14
12
4
6
28
5
29
31
37
9
9
19
26
17
1
24
37
8
16
6
5
2
7
23
28
15
6
11
17
34
4
