726 1915
486 9
330 350
43 21
255 303
681 49
418 4
107 163
278 126
150 573
515 212
557 90
301 537
92 319
534 345
128 120
433 311
350 290
2 453
185 473
438 95
41 227
496 525
607 702
691 616
13 665
269 44
531 631
469 249
368 137
310 698
573 338
120 243
442 420
151 534
492 348
60 303
104 102
697 456
143 534
714 445
119 640
288 40
15 110
205 705
94 700
414 161
417 42
318 461
119 61
630 536
527 635
413 418
9 5
606 413
168 330
454 427
309 269
6 302
278 23
531 6
183 172
591 724
212 684
465 17
307 583
335 631
89 324
454 469
532 19
651 79
363 101
630 138
575 670
16 375
236 538
197 349
335 363
330 492
691 521
382 87
193 712
515 89
617 181
592 573
37 623
164 152
137 184
168 725
140 675
385 708
211 572
516 465
416 473
108 561
593 697
446 253
44 625
440 567
107 465
637 36
352 297
139 491
188 424
448 405
379 660
377 545
238 151
655 392
640 550
287 480
8 262
254 355
470 448
467 539
298 177
409 32
613 588
679 303
579 422
381 550
684 642
317 279
267 39
175 619
306 309
371 13
165 274
604 459
96 484
123 679
125 465
690 514
513 388
288 492
292 702
671 102
506 96
593 720
600 177
478 719
153 322
384 356
347 448
76 695
46 350
297 93
457 25
246 194
17 571
237 400
165 369
486 74
72 85
367 342
493 392
182 454
470 705
658 580
637 143
417 643
451 295
240 162
307 649
177 420
10 454
336 443
594 487
365 287
21 687
524 551
557 118
208 307
549 431
224 547
2 280
545 159
64 599
183 39
696 297
458 701
666 488
143 54
517 302
83 319
200 426
412 189
587 556
212 493
119 154
370 225
669 181
393 81
526 422
436 645
372 98
559 235
187 611
559 458
704 360
335 552
564 430
93 41
543 337
237 401
368 316
304 578
430 256
448 189
413 33
700 368
181 524
567 381
171 690
76 499
523 170
3 235
580 391
717 598
259 337
564 590
165 464
32 266
74 29
259 433
29 607
339 667
420 460
224 95
456 7
360 294
208 138
75 414
646 102
54 42
701 491
400 141
436 548
8 44
437 531
190 130
139 55
552 664
84 238
724 83
316 184
399 237
646 230
359 225
30 626
241 301
254 475
363 87
633 257
49 696
692 488
693 102
319 8
646 127
694 480
265 295
280 374
598 345
72 8
650 470
140 7
665 366
540 574
286 171
250 689
71 76
467 678
420 149
313 121
388 693
537 641
546 298
219 321
591 714
176 364
178 721
296 681
229 715
447 656
150 610
58 478
247 327
549 718
168 342
628 473
621 110
526 598
581 705
189 532
287 455
555 576
282 219
458 147
632 157
163 193
620 260
715 178
378 569
694 688
190 541
714 644
195 413
97 597
567 127
322 188
223 387
309 505
453 499
632 682
691 73
471 50
460 119
238 140
298 233
622 443
556 326
443 253
345 690
475 116
490 403
362 334
20 429
716 168
65 397
93 654
449 423
344 130
445 235
482 246
517 425
93 511
629 137
259 648
568 288
718 323
60 356
159 722
726 520
561 659
441 440
106 134
606 230
86 700
273 197
382 686
480 280
519 303
77 322
238 551
323 694
229 118
39 208
80 677
508 242
225 630
535 604
266 631
430 54
20 466
603 358
367 193
671 97
717 105
551 704
283 19
297 325
179 132
224 424
622 358
89 572
284 467
567 522
346 569
599 56
39 10
709 493
338 311
675 250
692 570
342 296
360 613
458 137
29 158
496 724
562 273
645 134
620 442
329 164
712 283
2 330
710 708
508 670
715 420
717 684
293 580
261 126
365 348
388 487
59 402
442 13
77 478
331 351
404 102
165 130
400 348
325 162
290 188
76 258
506 202
571 476
114 206
166 296
531 651
571 11
589 702
76 374
121 384
452 508
33 9
220 523
368 538
484 387
483 164
480 405
564 36
199 582
601 503
338 202
550 546
649 537
157 219
33 510
267 314
676 53
183 238
559 375
582 690
188 105
303 494
10 329
351 684
717 58
617 40
320 367
437 9
113 185
493 362
33 459
333 481
435 530
713 369
402 174
210 579
458 381
238 571
131 478
131 80
260 100
339 475
42 421
108 91
197 400
465 698
629 627
381 121
339 105
205 44
358 210
253 7
477 313
444 657
624 171
41 633
616 41
569 412
606 339
95 571
139 434
625 692
490 639
251 638
448 614
152 622
337 379
672 409
651 358
425 70
529 159
637 69
690 313
642 175
397 346
609 422
59 52
691 558
584 699
49 212
457 443
188 305
25 168
502 628
143 245
525 304
670 300
530 115
149 434
120 117
112 532
97 240
503 113
50 287
53 525
26 620
588 518
604 178
416 325
256 230
532 521
58 232
725 371
427 416
678 267
320 402
509 183
371 315
710 238
425 710
193 530
411 254
321 475
654 160
397 660
349 404
199 716
247 175
287 700
13 497
277 102
373 591
333 501
378 417
172 510
53 367
637 173
58 7
567 254
597 362
139 344
649 350
79 265
573 342
303 378
419 573
610 302
207 244
365 386
326 510
658 78
158 640
313 468
425 119
284 524
406 440
634 558
695 593
401 25
291 106
293 81
2 412
566 689
458 265
23 42
33 712
142 160
681 704
93 652
401 295
172 57
685 500
404 330
674 510
450 127
137 104
180 407
511 20
663 117
289 83
391 500
335 327
244 354
171 257
529 457
410 165
348 357
21 712
109 632
131 281
667 142
2 567
160 386
600 400
608 372
460 351
116 231
703 273
80 144
240 52
575 290
515 3
508 130
695 161
398 64
618 262
60 120
425 293
460 407
446 544
708 454
373 145
611 601
31 693
582 333
279 716
373 139
431 331
613 485
569 521
60 679
106 3
333 574
633 204
225 557
423 247
315 65
437 289
432 470
286 529
657 38
696 315
183 352
553 366
448 482
389 571
33 63
534 43
262 591
205 131
27 712
4 713
273 252
79 174
415 90
557 537
558 294
475 228
704 256
136 43
301 75
300 185
263 277
132 308
39 63
710 271
333 112
483 715
121 630
321 26
489 291
326 151
298 654
451 237
336 466
585 416
423 174
608 49
558 105
383 448
365 169
622 170
306 687
552 401
198 301
639 700
475 340
99 193
233 714
615 219
115 54
292 47
300 223
477 508
326 163
235 224
274 85
307 357
624 498
185 218
195 358
540 81
31 594
381 337
308 64
212 560
453 363
538 110
539 30
162 587
325 215
167 513
565 158
711 323
212 474
5 641
302 29
101 488
595 364
665 129
245 665
8 336
99 606
585 131
467 483
323 552
124 434
151 615
283 555
290 434
443 154
141 180
547 202
600 329
139 565
358 112
673 482
233 680
319 210
331 328
571 339
594 525
476 389
126 538
118 634
192 176
357 498
178 559
255 29
49 469
304 179
34 639
322 599
297 20
540 294
346 335
507 356
492 180
716 355
216 239
281 482
98 397
136 720
62 471
310 555
433 130
1 608
649 696
287 147
663 137
178 418
332 432
625 303
468 617
133 124
245 683
147 510
432 205
665 99
474 387
50 414
492 244
611 520
323 282
274 84
128 648
313 373
292 454
9 314
669 297
212 572
639 716
274 242
132 492
37 375
394 395
712 343
27 303
658 294
208 618
572 15
188 151
375 616
335 45
153 209
720 573
644 673
226 4
459 194
196 489
162 434
237 673
55 8
268 170
589 119
472 607
685 590
449 127
710 548
638 342
458 281
574 582
19 511
146 592
180 542
485 78
287 501
50 505
715 42
559 521
607 44
476 159
83 177
225 712
105 168
410 604
119 519
269 239
421 195
645 511
380 615
146 324
660 392
323 419
383 715
693 317
140 521
558 96
478 669
494 613
674 128
160 247
422 190
36 299
557 657
310 681
81 185
323 263
144 400
548 300
712 723
694 678
462 51
495 177
422 297
41 508
87 534
614 155
643 87
584 8
630 427
685 668
607 113
218 234
469 593
266 590
40 408
409 624
54 709
52 5
618 643
46 129
474 185
313 332
572 489
70 513
23 305
198 89
520 709
78 275
230 180
507 435
436 579
464 630
196 288
199 469
647 442
493 545
223 49
492 373
58 197
717 553
528 2
139 719
88 622
679 270
443 133
320 616
356 684
481 304
165 328
426 661
337 15
63 613
266 116
586 200
152 341
299 96
384 224
289 419
523 512
544 102
180 566
432 319
342 527
291 206
92 390
74 423
238 648
283 581
625 404
718 429
505 445
705 623
76 83
649 274
684 187
43 262
298 247
519 45
227 365
20 201
506 206
659 564
388 50
2 350
700 372
483 387
612 153
597 723
42 137
250 248
617 531
269 371
707 551
662 224
512 319
493 321
330 262
270 230
575 531
424 169
231 359
721 626
1 302
226 555
609 462
146 454
9 114
365 281
95 568
604 539
264 127
508 334
554 708
442 526
101 323
58 315
702 636
38 221
668 401
524 224
629 160
304 222
175 555
57 626
381 640
424 541
518 262
627 466
374 67
46 30
718 116
706 507
435 654
623 367
712 625
617 640
612 323
396 553
91 454
663 297
198 394
486 591
492 558
321 505
30 41
116 713
290 268
455 555
185 681
612 93
475 658
15 699
480 714
685 690
271 426
490 289
593 191
359 678
700 357
564 609
549 44
333 651
292 681
148 203
201 82
30 552
287 282
594 664
602 381
704 90
464 319
73 361
43 23
565 54
608 480
87 549
306 562
470 684
626 43
210 539
304 123
458 126
14 358
711 121
153 578
299 359
230 549
480 162
446 329
40 677
370 702
332 181
414 277
167 414
479 294
404 337
19 652
520 229
425 665
22 685
222 113
279 432
717 52
502 365
155 595
611 214
594 455
338 431
478 428
193 276
196 383
267 640
578 682
555 697
327 11
318 221
726 103
652 317
383 254
481 78
118 305
479 536
486 7
382 220
369 569
19 465
236 304
701 274
553 173
303 173
69 429
236 723
613 168
535 614
686 405
451 41
508 613
94 200
487 584
31 669
198 293
450 239
41 206
434 120
537 375
697 681
595 26
41 75
649 410
457 261
399 196
187 273
568 314
283 292
188 219
687 463
203 7
644 157
563 671
174 412
72 514
494 12
313 701
664 660
337 161
63 314
307 601
301 367
566 619
616 225
532 451
62 184
55 574
403 643
48 503
385 325
443 280
142 524
16 464
262 406
665 651
76 519
205 302
254 63
337 264
495 170
127 256
656 516
270 220
565 73
574 459
187 385
204 300
81 453
56 126
74 28
268 380
359 675
284 685
200 324
504 579
522 723
300 451
410 607
178 183
629 650
181 266
398 534
660 489
603 529
261 467
682 465
443 37
90 23
92 610
146 637
481 444
643 144
202 80
120 713
593 546
468 582
384 438
451 617
507 287
32 709
18 12
219 436
337 725
16 255
663 608
70 150
191 110
365 85
105 568
151 216
297 534
97 645
382 606
558 687
26 711
63 168
493 615
541 515
244 122
582 657
38 329
453 701
33 705
370 43
465 423
127 225
425 502
216 446
66 21
377 481
353 412
437 319
104 426
144 406
603 694
642 159
255 629
289 466
225 662
171 369
413 311
482 42
84 664
189 525
716 587
16 87
546 673
662 326
356 130
391 598
230 67
511 726
550 670
640 116
217 503
173 594
274 228
680 53
28 518
271 717
573 175
572 37
266 647
140 148
236 81
344 588
84 410
321 234
106 22
101 349
504 498
524 443
31 370
477 342
344 524
379 278
446 406
217 512
641 61
331 33
616 621
319 219
486 652
664 286
487 651
683 52
135 308
203 469
7 102
438 120
71 495
470 231
285 53
318 510
642 282
250 2
648 46
65 131
725 635
663 34
408 520
155 200
328 240
468 301
187 397
690 117
223 719
457 562
57 659
265 163
350 332
466 430
366 653
118 211
424 184
628 702
247 344
533 38
675 512
353 301
614 476
561 329
439 298
539 645
436 495
336 110
391 291
701 294
619 594
405 415
478 11
200 289
698 408
213 291
53 304
237 98
274 665
457 285
537 712
706 282
397 116
333 405
671 351
629 411
341 311
108 575
188 420
115 698
725 653
533 166
273 527
175 102
214 685
241 205
78 83
438 329
338 339
276 13
425 21
332 628
14 122
679 678
393 240
127 537
640 487
698 200
476 626
313 675
267 73
137 465
85 535
11 587
114 101
180 698
581 583
431 598
84 55
190 580
122 274
392 588
6 201
407 323
43 325
671 466
673 243
683 131
261 716
495 176
69 397
97 205
484 263
397 26
669 465
381 377
62 1
236 11
32 609
357 321
552 511
30 117
644 385
349 229
593 629
415 443
145 257
647 683
104 542
319 241
166 30
174 91
147 185
310 127
609 247
724 449
498 610
454 247
148 214
7 71
398 246
264 357
198 721
284 569
173 578
122 653
308 276
383 503
719 57
370 610
627 106
64 82
579 659
37 625
450 481
621 344
251 295
102 688
56 532
178 463
597 619
648 621
58 67
399 492
450 441
400 50
200 441
329 675
493 157
602 309
389 490
421 453
697 492
93 722
510 706
35 236
419 102
367 241
506 588
507 4
300 367
277 511
457 559
694 517
143 365
52 690
565 597
462 1
708 34
265 659
475 595
151 139
386 366
523 203
353 640
465 400
336 655
16 703
10 52
119 583
387 227
383 36
338 407
376 57
560 127
324 308
30 390
360 507
329 126
342 451
68 101
688 305
412 343
179 524
37 329
407 461
177 191
95 298
82 590
4 561
374 424
252 65
403 683
605 200
479 397
601 492
441 668
149 535
622 284
427 519
248 191
585 193
659 310
176 605
208 386
626 204
392 536
254 406
691 477
406 46
234 47
515 489
673 104
389 601
110 581
512 424
224 257
371 342
21 646
178 714
630 145
437 339
406 468
338 605
434 125
19 549
497 560
19 486
104 68
478 633
725 414
440 659
698 685
679 45
145 690
249 473
343 307
247 330
490 358
461 168
713 577
637 684
95 151
437 582
711 707
149 45
659 531
600 541
333 334
223 535
351 337
223 435
459 533
544 261
425 133
456 632
517 367
651 648
304 511
271 642
285 720
134 667
332 401
541 501
226 169
34 682
58 407
625 716
103 345
223 594
561 300
238 345
532 634
493 280
562 401
645 25
576 394
377 153
446 430
586 424
183 137
385 352
509 314
275 644
16 83
356 700
391 48
691 713
196 463
235 559
642 636
433 198
185 567
313 387
498 715
438 205
397 326
379 227
394 614
391 608
567 338
718 661
293 529
205 702
638 304
93 133
76 457
720 349
285 249
329 250
366 89
710 441
88 235
650 639
127 5
339 595
190 11
693 479
561 192
211 641
267 327
571 481
485 698
241 221
8 390
556 42
102 146
30 402
168 258
10 287
619 21
650 29
178 223
426 607
97 629
380 251
608 309
97 469
95 53
622 344
644 285
590 400
447 32
106 279
424 408
332 538
634 271
114 343
203 22
507 136
35 710
279 516
226 130
67 506
93 78
151 520
127 478
21 219
32 722
32 244
285 85
325 357
73 468
391 651
337 179
360 34
420 112
402 647
101 83
30 320
88 630
76 648
273 134
147 295
205 4
1 721
641 555
287 142
125 691
62 529
578 157
316 646
384 608
183 645
641 527
388 522
13 538
432 471
373 292
440 395
397 152
573 147
480 261
439 407
674 646
651 551
307 604
353 488
299 397
637 21
110 565
93 600
574 476
619 138
136 376
77 111
248 251
404 229
360 646
49 334
133 396
389 390
515 574
125 610
496 552
453 333
344 537
668 47
539 699
136 189
325 373
435 295
194 105
723 160
298 576
261 446
344 622
124 513
162 605
128 612
491 404
444 186
522 433
689 447
76 714
176 314
666 58
134 576
476 288
653 612
110 528
173 79
654 412
712 629
391 535
717 568
714 404
309 316
96 368
187 590
78 209
561 159
657 132
337 61
511 372
311 102
480 444
720 58
716 559
679 21
412 158
365 718
213 12
71 424
680 345
368 278
269 212
212 468
552 435
705 241
178 276
236 365
18 572
604 379
585 654
296 306
619 297
98 11
631 289
313 711
677 405
595 592
271 526
52 499
71 515
634 575
690 379
368 186
94 189
240 123
229 337
578 310
276 326
312 506
617 548
455 368
255 365
288 49
71 289
686 668
255 448
151 178
134 348
260 301
665 394
312 550
252 452
394 665
106 489
457 456
254 137
34 386
62 531
313 523
450 415
93 260
208 66
426 515
363 653
496 179
501 300
720 343
466 73
366 562
423 221
697 230
435 75
81 260
347 330
424 721
675 72
634 40
715 465
223 691
115 624
659 193
399 326
36 286
264 296
310 346
184 431
657 239
45 375
131 435
103 162
430 305
621 419
658 589
322 652
179 713
217 479
127 376
245 211
73 41
160 156
62 78
715 46
383 596
149 55
398 145
206 100
439 82
697 419
16 158
423 20
333 716
526 587
632 247
97 330
451 183
571 444
698 637
26 453
496 53
714 84
387 691
24 465
693 360
54 382
15 410
678 137
151 111
458 337
624 26
241 274
440 330
385 318
582 221
697 421
640 636
241 601
156 650
382 459
643 381
710 18
417 294
499 262
357 378
104 694
713 437
679 117
395 127
428 434
185 528
223 61
203 4
530 186
488 320
555 493
318 297
603 352
54 191
667 606
152 509
315 224
238 498
377 673
622 561
407
628
369
250
44
27
593
704
650
722
184
213
374
525
260
398
115
15
325
271
275
315
511
118
521
418
101
647
90
359
534
330
508
616
249
565
94
376
694
500
180
699
140
677
225
342
561
13
138
634
131
662
106
669
21
425
444
166
726
85
509
609
687
235
67
493
211
452
189
681
451
495
77
99
619
348
603
65
67
321
363
614
530
643
575
251
545
174
350
311
629
125
378
644
593
3
501
148
498
639
16
109
461
433
397
217
347
235
159
471
437
208
274
428
614
48
447
278
524
604
31
60
641
255
593
389
679
694
286
620
387
83
81
639
216
254
403
584
717
161
185
377
409
411
176
650
129
616
639
296
439
333
635
422
651
681
232
226
128
428
38
543
460
652
504
443
212
655
246
142
201
648
683
101
378
1
447
357
151
27
423
292
531
191
390
187
136
636
114
144
102
40
665
248
646
223
506
305
615
145
654
256
391
696
724
720
638
457
659
237
121
539
483
198
118
281
350
254
244
584
126
70
347
372
249
659
207
315
722
634
649
217
66
418
214
226
616
89
574
82
555
148
359
501
717
80
306
512
217
723
370
349
295
4
568
677
96
347
73
155
37
401
624
714
114
3
518
441
231
174
358
677
679
457
515
164
441
549
429
227
623
337
568
138
648
712
581
388
370
274
547
441
703
552
232
139
442
687
622
590
265
77
129
61
555
50
191
76
640
255
508
385
418
396
723
522
465
436
247
408
447
235
357
16
42
296
154
544
70
427
332
215
313
563
284
162
189
161
472
664
20
56
243
126
515
289
197
426
109
227
258
342
496
491
406
427
592
174
244
184
197
272
326
515
91
698
203
724
125
628
500
652
188
547
528
183
187
298
250
414
581
313
670
239
13
364
663
211
57
41
118
13
119
308
173
70
457
379
322
672
223
583
436
489
649
475
471
517
