359
358
3
0
5
0
357
0
368
0
0
357
0
10
57
0
357
11
1
3
1
0
0
0
1
357
368
360
0
358
1
357
4
1
358
0
2
0
4
0
0
0
0
357
0
357
2
12
0
0
2
0
0
0
61
358
364
3
357
8
2
7
0
0
2
5
1
1
357
366
4
1
1
0
1
0
362
5
16
0
3
50
1
2
3
6
357
1
357
1
0
0
366
17
1
363
0
61
0
0
359
363
374
1
2
20
358
1
0
358
360
14
10
3
362
12
3
3
0
2
0
0
1
1
29
358
0
1
0
5
0
1
362
18
4
0
3
0
358
0
2
5
0
4
0
0
9
0
0
357
358
18
376
1
39
368
12
0
0
1
0
11
0
361
368
357
14
1
6
4
2
3
376
5
360
39
0
0
7
3
3
357
0
0
39
359
61
9
361
357
357
0
0
5
0
0
0
360
0
0
357
1
357
0
16
0
1
358
360
1
1
1
362
0
366
366
373
1
357
358
1
2
0
0
0
0
369
1
359
0
1
373
0
6
6
0
2
0
357
0
0
4
0
362
0
0
4
0
357
0
17
0
0
4
4
1
0
375
357
0
48
2
0
3
3
0
1
9
0
2
2
2
357
0
1
1
32
0
14
0
363
1
0
22
20
358
359
369
0
4
10
0
61
4
4
0
357
360
13
0
0
2
58
0
2
38
1
362
4
374
0
0
0
357
2
0
18
0
357
358
1
3
0
0
358
2
0
1
2
0
0
375
0
373
0
18
359
4
360
1
0
1
0
2
357
0
357
9
5
7
0
0
0
371
14
12
7
5
2
0
11
1
17
3
1
0
1
11
357
357
0
0
1
0
0
0
360
0
0
369
2
0
358
1
10
4
1
0
7
0
0
1
0
357
0
6
4
0
0
0
0
369
1
358
0
