100 2262
75 47
66 27
30 43
90 29
33 86
44 37
72 93
84 15
83 72
30 5
60 76
11 16
97 40
55 74
67 70
5 27
84 10
30 89
99 19
91 59
14 11
74 77
68 98
60 61
98 43
18 74
61 51
10 91
35 3
7 13
18 5
99 91
13 6
22 29
79 65
6 60
91 25
32 23
85 63
2 84
50 91
48 66
74 73
28 18
92 89
55 71
44 67
29 52
32 56
98 72
20 3
2 6
35 8
56 16
30 24
55 42
8 2
99 55
79 89
27 15
33 36
95 29
6 85
92 27
4 89
63 62
5 14
12 90
12 64
40 64
54 89
19 66
5 12
38 98
53 27
97 66
74 70
5 4
21 62
38 52
61 44
78 2
65 1
13 15
2 94
17 85
46 55
92 51
28 32
73 52
65 23
27 75
56 38
48 26
51 20
18 32
88 81
66 99
30 20
37 58
21 32
10 12
29 36
45 53
70 41
64 70
61 41
88 10
49 99
69 94
74 12
64 49
61 29
55 99
91 82
13 22
89 63
15 23
29 75
51 28
50 39
3 48
28 55
5 44
49 52
30 42
88 11
60 43
66 61
11 47
37 96
62 54
92 26
72 41
28 65
78 17
14 8
16 91
27 24
8 40
94 51
48 23
78 68
99 7
71 100
35 82
28 51
4 17
39 64
19 89
78 99
69 72
73 48
63 90
11 59
13 11
37 42
25 14
22 54
79 4
21 7
92 22
92 16
95 9
54 45
87 84
13 87
90 52
38 25
66 59
20 65
28 25
31 33
82 22
13 80
12 97
18 71
59 48
89 2
94 92
21 9
34 91
37 17
46 86
85 79
14 36
9 94
44 52
11 32
60 11
82 48
43 47
29 78
95 22
61 23
20 74
11 12
65 13
100 11
3 82
95 93
65 7
99 73
68 16
14 75
19 30
87 3
44 36
71 21
48 33
65 81
83 1
80 55
12 92
12 72
86 9
5 43
74 58
35 54
64 99
40 51
3 59
80 66
34 87
48 99
91 23
6 12
83 19
91 96
53 88
67 50
43 6
75 16
86 92
44 19
24 63
4 9
30 31
58 48
91 90
73 24
53 83
32 2
77 23
33 66
93 60
12 76
8 53
65 58
61 60
12 62
77 4
44 11
25 2
31 60
34 86
50 67
55 90
91 88
100 52
56 15
40 87
74 18
31 46
99 72
22 21
78 70
83 56
43 46
61 71
19 56
47 71
46 97
61 100
76 34
84 79
35 44
61 90
65 85
44 60
88 59
25 70
44 9
32 14
75 34
57 68
64 37
9 19
24 19
78 16
12 65
5 84
42 59
71 30
22 39
66 86
51 96
76 49
83 18
74 57
35 48
22 30
64 96
90 89
91 75
32 8
64 95
58 41
38 95
15 32
38 73
87 100
77 100
24 91
26 46
57 44
28 46
53 44
13 88
59 25
74 31
48 86
32 79
60 90
39 51
80 88
99 89
18 94
1 50
85 18
6 80
87 47
62 74
66 26
16 78
18 15
77 25
14 23
80 63
80 30
79 31
93 88
11 10
91 42
73 38
60 63
63 47
44 23
87 33
29 13
58 6
5 64
17 58
4 73
88 19
44 85
86 16
46 58
46 66
3 46
78 55
1 13
98 6
10 40
76 64
23 20
67 76
16 1
92 9
85 35
33 49
12 74
49 34
62 19
77 51
34 72
54 8
44 33
68 42
96 56
65 61
25 18
84 20
97 88
22 71
49 100
3 66
87 21
29 87
45 97
40 65
71 38
2 99
69 75
38 36
95 86
27 31
3 38
25 76
34 66
51 32
84 22
9 38
66 21
51 11
89 44
95 16
81 74
95 27
78 93
12 57
98 44
65 44
73 8
46 2
43 89
39 93
11 52
10 60
61 67
63 8
7 28
3 1
19 75
13 55
88 93
36 82
51 13
43 52
67 34
51 35
50 33
47 21
29 94
86 6
70 28
13 73
91 29
71 48
36 69
42 57
38 17
18 47
39 11
73 43
50 55
57 58
57 30
6 49
5 47
34 60
100 82
2 65
37 80
6 28
100 86
63 68
58 74
62 71
58 61
72 29
21 38
36 50
61 31
57 85
23 38
1 40
99 69
37 79
9 12
95 68
10 79
37 18
39 45
43 36
58 46
79 84
65 51
85 25
29 98
16 67
3 54
75 83
35 56
87 6
48 97
42 92
33 28
49 21
91 77
90 59
5 19
19 95
46 13
41 25
8 81
1 85
52 74
87 35
99 15
69 39
57 82
81 35
21 55
78 44
48 3
24 37
72 96
42 88
50 85
54 11
11 44
72 70
35 23
8 9
58 2
60 26
55 82
13 36
92 23
74 42
15 34
31 74
15 26
64 48
15 11
40 30
14 46
36 75
98 14
73 4
68 26
65 31
70 52
2 55
3 15
79 38
64 90
53 91
21 86
62 67
28 47
62 83
23 25
29 46
34 84
67 92
46 85
94 97
12 3
62 45
48 28
22 27
56 73
93 1
90 10
51 55
99 81
46 9
9 33
34 6
90 64
26 96
65 66
65 22
84 99
55 81
45 90
79 97
15 69
68 41
19 71
60 15
45 34
99 85
57 31
28 75
76 99
91 34
94 14
72 69
58 17
83 78
65 75
80 76
51 12
36 35
30 11
9 89
33 6
59 2
69 62
100 76
29 68
89 85
83 62
9 42
21 69
70 16
41 100
36 84
1 36
28 4
66 96
88 77
79 25
17 40
60 70
83 40
80 47
70 26
89 9
54 64
22 24
9 10
34 37
79 98
35 38
56 100
78 76
1 45
31 34
70 33
64 93
36 68
100 29
24 52
56 10
74 62
72 3
75 66
54 5
52 36
18 13
90 15
60 56
85 43
46 98
26 57
39 72
32 44
84 64
92 36
95 70
46 67
31 45
7 77
22 70
79 37
86 67
64 32
64 29
11 5
24 70
80 91
61 32
1 98
84 25
43 42
1 31
88 75
48 98
73 99
54 2
3 79
25 23
63 100
50 84
60 4
63 52
61 63
28 77
66 46
22 66
59 75
98 37
27 28
84 28
94 17
31 85
47 59
42 16
48 70
95 7
62 39
55 61
27 47
77 68
75 71
31 57
35 39
74 14
12 84
6 94
61 82
20 41
44 69
27 93
16 90
84 16
98 22
43 39
45 82
64 47
1 67
21 8
83 34
94 45
16 34
89 52
51 7
44 41
91 16
56 19
72 57
31 9
52 33
50 44
79 41
59 39
95 21
89 66
50 60
81 26
4 26
62 69
93 92
50 54
52 64
72 7
49 93
29 56
60 64
20 69
93 28
35 66
86 43
79 11
32 60
20 100
35 99
20 92
8 43
43 5
34 82
42 51
76 60
18 30
53 46
17 18
58 95
55 27
63 17
84 13
10 39
55 57
51 8
87 88
26 80
67 18
96 7
65 32
45 10
90 32
43 3
46 24
85 31
7 70
1 83
84 70
93 34
85 42
60 3
41 42
42 8
55 20
89 79
27 19
41 10
69 92
32 87
87 69
49 62
99 58
64 72
69 27
98 91
35 4
13 49
6 98
27 3
21 63
61 21
43 14
58 40
57 19
25 49
44 48
86 4
5 80
36 4
67 22
98 35
3 11
54 60
89 95
46 12
36 58
43 54
66 71
84 52
89 82
20 26
19 73
59 4
60 94
16 44
96 63
21 95
86 41
30 23
56 81
72 77
70 5
30 16
71 4
17 29
2 61
15 60
1 24
55 2
84 67
47 39
15 59
2 57
56 62
7 44
43 96
79 40
77 96
39 35
56 87
100 40
53 54
93 75
66 62
31 42
35 84
55 33
86 38
80 20
27 14
78 22
33 3
23 73
2 35
44 15
91 43
63 23
58 19
4 84
64 10
77 95
86 1
17 73
79 96
55 46
2 44
86 71
97 85
64 46
36 91
38 79
50 22
87 63
11 99
61 78
61 79
60 12
90 28
99 3
20 21
28 14
23 40
20 81
8 3
8 87
14 30
92 56
47 24
12 66
55 25
50 83
76 51
21 1
87 98
20 40
19 23
6 66
61 39
30 3
34 61
90 71
60 24
24 98
12 51
89 31
30 84
25 6
88 58
30 70
69 87
61 96
48 80
29 76
6 68
81 31
31 83
43 28
71 36
61 94
70 90
60 57
39 85
84 63
80 10
63 79
36 5
56 27
94 74
14 6
52 41
23 52
72 92
25 68
51 66
49 91
12 91
51 36
64 3
93 77
91 45
85 100
50 31
49 45
79 57
87 97
26 71
94 66
87 37
52 42
52 38
80 34
26 100
58 11
78 73
8 83
38 81
82 13
7 99
35 60
63 19
15 28
39 9
18 81
47 29
7 41
2 100
34 57
44 95
34 95
16 42
82 73
79 71
34 71
94 60
88 99
29 64
55 47
96 94
42 76
31 23
80 89
8 30
57 78
43 41
79 85
32 78
91 49
84 34
97 70
37 2
18 63
9 46
21 45
69 40
50 89
90 93
79 54
67 32
32 52
65 18
13 31
68 100
82 4
38 60
72 39
39 23
49 41
19 93
30 40
74 25
28 76
97 62
15 43
83 59
66 89
67 100
81 75
20 53
46 81
68 64
28 44
85 89
45 25
6 79
15 90
60 46
51 88
85 34
77 24
37 14
74 15
36 3
48 56
29 16
76 37
12 99
3 44
18 4
5 45
60 72
55 22
98 32
16 22
33 31
43 4
61 56
80 32
59 7
33 83
37 19
92 32
100 34
81 4
100 77
10 70
75 63
87 55
63 81
13 44
39 27
40 48
85 64
48 14
54 26
6 84
64 79
30 64
96 54
11 25
10 7
48 43
13 19
66 37
16 81
9 56
85 58
31 49
79 8
42 46
17 97
77 31
92 34
99 94
28 91
57 67
1 29
11 87
33 21
14 39
96 21
30 61
35 36
60 62
70 27
31 92
77 74
85 91
90 95
72 89
84 53
50 74
34 99
18 73
67 30
63 96
31 90
19 61
62 40
77 34
44 29
26 42
67 77
59 21
4 22
31 98
28 24
65 20
100 44
58 1
45 27
100 78
36 48
64 63
29 1
30 95
40 86
3 42
63 72
95 87
82 99
4 19
51 18
72 54
27 52
3 49
82 100
7 93
65 67
32 81
54 99
91 35
16 89
94 52
37 40
26 16
30 86
60 89
70 93
35 98
54 19
13 12
62 11
27 44
23 36
3 61
22 89
90 12
20 99
1 73
30 19
11 27
54 53
76 58
42 94
17 12
73 66
21 52
11 15
64 100
91 38
5 93
88 21
10 37
47 60
96 55
57 87
36 80
89 97
56 18
74 71
93 10
76 41
20 13
89 37
42 4
71 70
66 90
41 59
27 39
78 77
11 53
12 44
40 7
82 52
87 7
13 40
62 59
60 82
54 14
37 12
28 85
44 2
58 7
29 89
15 5
62 26
76 36
87 89
39 16
69 2
27 10
80 86
42 32
45 54
72 11
63 36
93 19
17 63
97 65
12 56
7 4
59 85
91 66
37 83
53 4
23 18
79 91
16 96
95 5
91 93
82 92
97 25
59 64
32 6
58 39
49 66
95 20
5 57
22 91
66 98
33 82
78 81
36 59
11 80
88 63
55 4
98 29
32 67
9 68
8 23
75 88
40 54
85 76
28 82
58 30
31 55
21 85
39 42
6 24
91 86
30 48
5 7
88 18
54 36
65 97
21 87
45 58
24 61
60 81
47 58
66 72
16 49
85 39
83 20
12 37
3 31
61 42
87 22
27 50
93 23
8 54
5 61
92 17
33 88
50 12
66 50
54 88
39 83
58 43
31 30
20 78
20 77
55 95
64 76
49 72
48 67
44 62
83 95
67 62
33 27
28 6
1 51
32 50
16 98
69 42
44 64
33 26
91 70
20 57
70 43
78 21
51 82
75 93
22 18
52 73
76 72
90 99
84 55
94 58
84 49
42 9
33 77
3 60
61 37
13 67
4 75
95 76
100 9
61 86
90 2
99 76
94 27
54 76
70 92
61 75
79 6
6 40
84 57
22 6
75 5
85 77
8 79
10 38
74 78
52 9
57 14
47 89
10 1
22 11
14 2
62 43
79 72
10 48
90 80
48 11
60 47
3 65
53 13
99 61
28 72
22 80
61 49
83 17
56 52
83 67
69 81
75 17
62 100
87 78
7 8
50 95
5 94
99 70
87 68
37 11
79 32
7 34
43 80
54 93
25 61
57 98
94 68
37 99
1 35
20 22
24 50
95 56
86 62
43 60
59 34
28 5
28 31
65 36
62 32
58 20
37 81
22 26
97 50
53 35
70 19
40 98
21 46
94 35
56 67
93 76
55 24
77 78
60 25
84 97
42 84
82 40
95 82
34 98
88 50
95 14
61 14
54 74
13 30
43 65
46 3
81 3
55 68
85 29
4 10
62 84
99 75
90 36
62 92
27 70
32 93
14 82
5 46
54 94
38 34
49 60
15 55
35 64
29 14
8 32
76 9
51 70
45 31
32 1
5 60
76 52
34 96
66 33
79 93
20 33
8 93
22 42
69 50
96 90
23 100
20 31
61 28
98 9
52 31
41 16
74 90
100 21
42 37
15 29
79 42
58 28
79 68
54 67
32 57
87 70
91 57
8 52
67 65
24 28
67 31
18 7
20 98
96 22
75 54
82 67
3 56
85 80
96 46
36 55
50 16
2 70
20 62
73 51
54 28
56 71
89 42
36 49
52 12
1 80
70 35
31 27
41 26
71 22
48 17
17 79
90 17
17 2
74 30
52 27
93 74
81 51
66 17
21 57
86 20
41 88
17 89
3 26
11 95
52 100
68 75
36 30
11 71
88 48
31 39
92 96
8 70
12 33
41 47
30 67
19 47
44 21
71 12
5 95
96 14
3 67
69 58
91 36
47 57
71 91
5 65
47 31
94 98
51 74
9 72
13 54
85 90
73 22
34 81
65 88
80 78
82 12
45 85
45 20
70 63
76 10
92 29
51 50
7 46
29 99
49 31
39 92
48 42
56 59
27 77
42 18
70 34
29 23
59 82
78 75
73 91
64 16
10 32
84 9
78 27
73 57
70 25
91 87
66 91
77 64
75 4
33 78
8 85
4 3
43 8
32 97
38 88
52 46
62 91
34 49
4 77
5 16
81 27
51 37
35 75
87 29
80 87
18 38
90 54
48 38
9 59
43 51
13 93
73 60
33 65
86 53
95 89
89 57
6 42
22 41
10 13
77 82
8 60
37 76
63 20
2 80
90 18
45 18
73 1
5 69
20 90
50 73
9 29
59 23
71 78
75 9
70 44
6 13
74 97
94 75
41 72
86 68
96 24
42 87
86 100
68 58
43 86
7 64
7 47
40 37
62 64
87 79
49 96
47 50
84 50
77 69
41 21
49 75
87 56
34 35
94 20
25 31
23 29
16 28
62 35
46 89
32 17
88 26
64 44
10 93
63 16
81 72
81 99
85 53
68 44
41 64
11 39
56 5
65 33
48 16
34 22
23 49
22 5
18 95
53 24
58 99
40 32
66 18
80 93
31 10
55 89
26 72
15 24
80 26
11 94
80 36
5 40
49 83
86 61
29 57
24 72
24 97
39 59
57 94
45 72
32 96
40 28
30 45
63 88
21 56
27 60
58 35
84 4
54 68
23 65
48 82
12 50
33 90
61 54
77 21
9 79
8 76
5 20
35 27
85 6
12 30
35 100
81 54
23 92
36 81
88 13
40 58
22 4
28 7
42 14
61 98
92 10
76 21
65 62
69 30
68 70
7 12
2 9
71 13
57 71
57 69
76 15
92 42
8 91
96 23
96 87
33 14
57 88
72 27
19 90
20 71
32 63
75 31
69 68
6 82
15 99
52 8
95 66
93 71
71 74
92 7
33 50
97 91
1 76
82 46
24 54
12 7
9 14
52 29
37 91
84 40
54 71
56 63
23 31
28 66
60 85
81 87
54 12
22 12
93 86
22 83
80 27
6 96
60 100
5 24
96 84
95 39
36 64
69 5
3 77
65 9
62 37
28 89
69 45
17 55
92 86
49 54
74 17
8 92
3 23
3 10
66 67
70 76
10 16
35 42
50 63
53 82
47 34
17 84
53 3
46 87
26 10
72 58
73 17
18 34
27 4
30 60
3 33
75 18
24 2
23 67
40 22
64 92
65 34
52 7
86 52
85 56
63 55
6 62
48 39
52 56
68 3
62 29
1 88
86 55
91 1
93 83
61 26
88 28
99 11
19 86
30 56
55 32
100 65
5 92
46 74
31 8
7 26
71 57
67 27
88 6
52 63
54 40
24 41
12 13
59 68
6 11
100 18
51 62
16 85
15 83
54 58
98 57
22 55
70 59
46 100
99 16
100 12
48 41
82 37
71 92
69 59
41 86
25 22
48 63
89 56
42 23
21 26
81 50
17 28
65 3
34 85
52 18
9 77
93 79
31 73
66 32
83 97
3 37
80 71
17 10
26 25
53 33
64 25
100 75
12 35
36 97
40 79
62 99
68 56
81 33
17 77
68 11
82 41
40 27
39 74
52 43
33 40
1 49
59 83
66 84
99 27
57 8
36 100
4 88
35 10
1 42
41 92
45 14
20 15
55 73
12 42
29 44
91 22
50 88
93 63
22 60
35 34
18 46
17 43
79 18
95 84
82 85
78 72
3 18
97 95
90 46
82 42
86 96
94 12
60 75
85 47
56 39
45 17
64 50
68 61
66 95
29 43
35 45
63 4
31 24
73 80
67 73
74 52
91 61
7 45
35 49
69 55
79 2
31 6
95 35
74 47
15 3
83 39
46 22
71 5
53 75
57 74
97 63
87 43
95 59
68 33
85 15
86 28
56 11
84 37
7 96
55 15
47 93
28 39
20 86
15 92
20 48
19 24
37 84
56 34
56 20
14 41
41 54
64 19
37 46
7 32
46 72
79 92
99 68
24 34
14 22
88 34
100 90
85 37
14 45
69 98
50 51
39 97
53 84
16 18
3 17
96 29
38 49
47 32
27 1
53 52
18 19
56 72
100 19
54 17
35 71
11 7
65 21
25 32
95 73
45 8
31 17
70 82
8 98
65 94
21 68
93 99
66 64
75 11
77 35
93 11
83 16
2 37
30 28
94 80
25 30
82 3
100 31
86 89
79 17
81 19
28 53
77 52
37 85
73 88
67 45
48 21
26 1
76 39
81 32
86 11
14 3
56 74
27 9
7 61
43 11
26 79
42 50
17 1
75 22
9 66
58 22
88 37
86 97
32 42
26 48
34 16
17 27
93 40
32 59
27 89
51 33
81 71
5 39
13 97
61 8
41 24
79 90
9 18
76 14
43 12
38 46
10 61
96 11
55 3
32 33
88 56
32 15
57 54
40 55
17 98
1 57
47 27
55 66
77 88
11 24
72 81
81 70
12 52
24 13
33 18
89 70
53 86
70 18
35 86
20 34
54 100
55 41
53 97
47 43
63 85
44 32
47 14
91 68
9 36
38 56
45 67
18 96
20 96
5 83
62 82
15 81
86 30
4 45
66 88
70 75
64 8
18 83
43 21
64 38
81 42
42 25
24 48
37 44
100 73
90 55
55 49
34 36
85 8
87 52
65 96
71 42
35 16
49 64
94 5
46 1
20 45
67 43
68 82
83 14
85 68
29 42
89 6
1 75
57 86
91 31
88 24
72 62
88 92
79 43
25 80
100 17
19 40
9 5
97 84
79 94
46 51
55 85
45 64
48 57
54 16
10 28
31 18
89 61
100 25
97 2
66 82
77 93
82 39
97 27
28 9
64 15
44 100
49 30
15 91
54 31
70 45
67 98
42 2
93 33
81 6
30 39
12 26
91 41
71 63
21 33
33 84
71 8
31 72
82 90
3 6
4 71
89 71
82 70
72 76
64 51
91 74
77 61
9 97
57 66
40 89
53 20
21 72
6 37
13 84
76 45
35 63
50 29
60 92
81 84
47 44
2 92
51 65
68 48
43 50
91 72
95 1
7 83
58 59
25 13
98 3
67 49
92 72
34 52
84 76
49 55
71 9
13 50
51 16
60 22
49 18
50 3
65 74
71 75
1 43
83 64
46 57
58 34
65 83
90 82
90 70
8 7
63 41
29 48
87 58
33 71
4 74
79 75
56 80
47 80
19 76
42 47
13 39
39 86
9 88
100 10
32 85
22 37
75 62
16 87
12 49
111
85
1
69
75
11
79
25
68
80
34
89
15
68
72
8
91
96
87
2
21
84
25
22
20
58
9
55
41
4
66
10
40
12
10
4
58
67
82
82
20
29
76
61
39
16
44
61
47
37
47
45
23
56
39
96
69
67
45
88
24
70
26
70
6
63
45
71
42
43
39
76
41
65
30
65
80
67
77
32
49
4
84
53
26
65
71
40
57
56
3
32
71
4
3
86
93
4
58
71
20
33
43
84
82
47
73
62
3
42
23
52
