100 638
94 97
27 11
44 54
90 63
64 53
57 58
88 50
77 25
39 28
8 81
10 95
85 67
72 73
41 99
71 57
16 69
52 61
79 93
44 78
54 18
43 68
47 9
33 10
93 51
36 99
32 50
85 46
10 93
7 78
44 82
96 72
27 59
86 30
85 63
77 63
6 83
10 75
61 70
3 62
52 53
83 20
69 100
19 40
99 36
70 28
99 96
1 19
49 88
32 88
45 5
90 75
76 44
4 43
1 98
29 33
15 84
34 9
14 47
72 32
46 26
15 16
26 43
11 83
97 44
52 36
32 58
78 77
55 67
92 30
81 19
93 22
25 57
80 26
41 69
15 74
66 70
90 29
75 4
28 30
30 40
71 40
1 55
89 40
40 26
32 42
96 6
72 7
48 54
63 69
71 43
28 68
88 41
75 23
31 7
32 59
22 38
9 6
56 71
13 54
14 50
7 45
4 40
14 35
88 46
46 9
74 98
71 13
88 35
65 94
69 91
39 83
62 8
91 11
49 79
98 87
61 89
45 64
15 92
30 70
66 85
24 73
2 27
19 43
50 24
93 63
68 27
55 2
58 40
98 90
92 39
4 13
60 55
5 31
95 63
33 12
29 80
62 79
89 96
84 2
63 13
28 48
37 10
54 60
91 78
71 77
4 28
11 62
18 12
23 16
59 20
19 8
51 59
62 47
49 98
39 32
66 30
29 98
79 38
39 88
68 51
91 31
68 79
65 42
47 78
25 76
93 74
15 96
90 72
49 17
7 58
87 47
68 58
10 4
52 35
22 84
38 62
65 27
20 24
92 9
85 14
12 48
13 4
99 29
14 71
41 22
81 23
29 58
100 91
15 35
65 81
18 74
90 1
91 69
35 36
87 58
12 86
12 82
11 15
93 27
96 59
31 32
49 14
41 29
5 97
28 67
7 42
31 84
8 30
84 19
13 27
33 62
9 88
41 13
87 61
5 98
89 52
47 51
41 75
70 10
43 14
54 87
89 84
86 2
42 65
99 69
93 31
58 5
16 75
15 58
36 40
54 19
76 71
41 37
31 39
43 25
41 50
77 5
22 49
48 5
88 56
68 28
90 13
64 38
41 91
25 46
57 11
50 59
59 49
9 28
60 65
89 66
46 24
70 61
21 76
76 94
48 51
79 73
93 97
96 76
29 54
82 34
7 3
31 94
13 49
13 90
32 96
21 9
38 88
52 59
43 19
7 18
66 68
11 60
92 23
28 83
17 93
30 36
97 47
11 77
87 81
93 53
62 46
52 50
16 54
85 17
74 21
19 80
59 40
48 69
67 45
67 69
10 24
11 1
56 84
61 62
76 82
13 51
26 61
62 69
98 82
93 36
98 52
78 4
21 6
68 40
51 100
58 86
91 59
72 10
63 57
55 58
65 82
70 74
38 43
84 16
32 56
92 85
56 87
39 59
92 62
3 47
30 58
100 76
72 82
57 23
35 54
97 8
4 70
43 48
50 2
16 7
58 10
21 22
97 21
54 46
90 100
10 48
27 65
45 65
85 84
98 85
59 27
47 53
9 83
42 55
27 28
42 33
30 7
53 84
21 86
7 36
20 7
37 36
67 86
47 13
4 15
6 15
61 36
85 52
29 90
59 11
39 58
97 56
12 37
21 29
15 53
28 29
51 11
3 50
56 72
79 65
40 54
20 44
98 30
44 39
99 66
18 71
62 61
6 93
53 67
35 86
84 34
22 89
13 33
58 57
40 58
93 42
81 37
46 81
7 68
71 26
2 70
23 51
22 19
46 29
28 87
17 90
82 94
76 64
6 24
80 96
90 81
44 93
17 66
65 95
67 20
46 85
93 80
81 16
69 98
78 59
10 16
46 54
96 69
83 88
73 71
92 3
20 95
79 50
69 77
88 13
83 65
49 93
3 7
28 64
15 85
68 100
68 62
5 99
29 19
1 33
27 64
89 13
66 58
44 75
87 78
62 51
26 14
7 82
21 46
54 50
10 80
44 73
14 79
66 52
62 82
89 79
5 90
45 61
33 43
74 99
5 63
57 5
25 61
67 94
19 76
73 52
36 93
77 4
73 68
63 32
38 10
65 16
31 47
66 10
65 68
86 14
100 78
22 85
78 53
19 33
100 1
15 50
17 3
55 30
14 42
11 85
81 70
84 62
88 72
82 20
62 18
73 18
98 92
18 45
60 49
26 52
7 8
80 47
6 30
51 75
40 22
4 71
9 67
53 4
35 28
94 14
19 24
10 2
55 51
32 84
87 16
38 16
76 81
46 37
36 11
95 38
9 25
84 7
81 90
47 83
97 39
11 46
87 71
23 41
82 85
97 27
68 36
11 10
96 78
23 83
35 50
62 27
1 56
62 17
21 13
96 74
16 24
55 12
100 26
74 18
29 68
94 12
89 48
86 19
15 37
13 28
50 47
74 71
56 7
47 37
29 11
26 92
55 46
79 15
88 22
89 20
24 81
94 96
87 91
24 64
96 64
69 35
32 83
88 31
49 82
68 75
74 60
25 56
93 61
25 84
42 68
1 18
87 48
60 30
71 25
8 70
40 50
13 89
35 25
65 38
23 9
50 33
100 99
43 49
4 27
32 92
41 36
35 95
29 60
13 45
59 43
48 7
1 30
11 38
34 55
69 95
88 40
66 88
82 57
92 67
51 23
38 23
39 27
71 44
49 46
69 68
47 3
53 74
54 37
51 86
86 75
66 28
52 5
80 28
26 29
77 39
14 44
25 78
41 2
84 36
13 44
52 95
56 37
50 17
92 7
56 18
11 28
63 64
12 4
44 72
17 100
92 12
92 61
58 47
66 19
65 92
75 79
100 7
40 89
13 43
59 58
75 9
80 60
38 45
62 41
91 100
52 1
104
44
27
67
77
90
15
54
39
93
32
41
27
91
73
65
28
46
17
58
5
98
24
71
98
36
30
34
68
31
26
65
43
29
30
54
67
39
28
23
90
4
57
79
22
72
86
24
79
4
1
45
75
75
5
61
8
39
60
8
53
6
79
54
94
20
46
36
26
88
82
15
49
70
10
76
87
42
18
54
93
74
15
63
78
26
70
85
16
53
69
22
26
2
82
7
11
87
90
6
96
9
11
73
51
