3
663
663
663
664
663
663
663
0
663
664
663
663
663
664
663
663
663
663
663
663
663
663
0
663
663
663
663
663
663
663
663
663
1
663
664
663
663
0
663
0
663
663
663
663
663
663
0
663
663
663
663
663
663
663
663
663
663
663
663
663
1
663
663
663
663
663
663
663
663
663
664
663
663
663
664
663
663
663
663
663
663
663
663
663
2
663
663
663
663
663
663
663
663
663
663
663
663
663
666
664
663
663
663
664
664
663
1
663
663
663
663
663
663
663
663
663
663
663
665
664
663
664
663
663
663
663
663
663
663
663
663
663
663
663
663
663
663
0
663
663
664
663
663
663
0
663
663
663
664
663
0
663
663
663
0
664
664
663
663
664
663
663
664
663
663
663
663
663
663
663
663
663
663
663
663
663
663
664
663
663
663
663
0
663
663
0
663
663
663
663
663
663
663
663
663
0
663
663
663
663
663
663
663
663
663
663
663
663
663
663
663
663
663
663
663
663
663
663
663
663
664
663
1
663
664
663
0
663
663
664
663
663
663
664
663
663
663
663
663
663
663
663
663
663
663
663
664
663
664
663
0
663
663
663
663
664
663
663
663
663
663
663
663
663
663
663
663
663
663
663
663
663
663
663
663
663
0
663
663
663
663
0
663
663
663
663
664
663
663
663
664
663
0
663
663
1
663
663
663
664
0
0
663
663
663
663
663
664
663
663
663
663
663
663
663
663
663
663
663
663
663
666
663
663
0
663
663
663
663
0
663
666
663
663
663
0
664
663
663
663
0
663
663
663
663
663
664
663
0
663
664
663
663
663
663
663
663
663
663
0
663
663
663
663
663
663
663
3
0
663
663
663
663
663
663
663
663
663
663
663
663
0
663
0
664
663
663
663
663
663
663
663
663
663
663
663
663
665
663
0
663
663
663
663
663
663
