379 1270
25 127
265 20
128 324
30 202
11 113
316 377
6 187
228 252
192 218
127 212
230 253
280 189
2 368
229 364
311 105
289 309
51 128
282 320
306 13
48 19
133 27
96 366
374 360
201 159
265 240
78 12
70 68
277 315
244 9
45 153
318 359
2 244
133 278
70 231
379 169
324 168
53 192
252 319
216 236
342 271
204 223
141 129
337 56
103 370
373 271
193 157
219 206
293 261
356 80
318 362
268 144
148 130
347 355
124 158
252 227
196 22
52 151
293 214
159 261
189 48
107 361
175 271
376 108
302 177
51 56
317 242
45 255
60 245
225 172
158 220
213 103
309 131
275 281
228 329
208 183
110 325
104 4
133 88
42 49
44 278
83 160
34 89
362 229
294 83
328 148
323 340
7 41
246 168
168 306
95 312
90 104
320 68
223 65
201 79
49 13
178 163
49 88
57 93
32 207
142 341
102 268
355 7
190 209
234 203
144 51
354 369
319 30
171 268
328 305
35 122
160 143
126 156
221 237
114 176
207 366
184 57
49 331
149 43
277 196
228 146
377 305
25 238
76 54
152 237
88 365
77 74
71 133
88 81
239 175
76 254
341 314
128 377
128 4
130 223
30 197
348 70
215 221
56 199
49 307
272 341
110 143
176 124
297 28
379 367
282 22
140 151
366 107
247 50
63 124
14 157
240 44
284 247
226 171
138 70
373 339
379 183
295 119
86 59
26 186
335 106
353 228
123 102
228 110
314 70
5 68
101 200
32 38
372 301
209 378
135 15
252 345
154 15
378 188
284 298
174 290
173 34
71 134
360 113
158 154
167 271
218 301
131 162
307 371
63 267
106 299
41 369
207 368
50 376
365 138
223 238
136 238
91 31
224 185
294 196
284 13
209 332
76 195
173 45
100 193
302 195
66 140
285 56
252 342
172 151
143 299
136 171
159 323
300 72
338 83
256 304
164 99
359 263
211 151
247 331
291 150
259 62
13 180
217 379
156 275
195 291
4 378
142 65
97 137
202 200
237 313
110 91
160 129
184 335
343 318
355 236
216 267
24 178
221 138
265 188
6 119
311 213
53 341
168 338
328 297
315 249
132 206
13 142
229 129
23 80
100 154
349 97
117 178
216 269
268 175
105 179
87 348
306 357
244 161
259 140
290 208
112 263
57 79
31 6
132 117
143 278
38 341
315 8
329 351
269 51
18 33
335 116
172 293
246 6
100 247
196 8
9 217
157 54
295 215
135 95
185 286
354 113
111 188
275 115
209 161
265 343
322 19
335 157
355 289
91 285
333 65
270 339
285 300
200 205
164 374
248 2
330 368
293 116
104 131
124 156
261 41
235 360
66 265
158 323
8 163
185 57
147 345
287 311
155 110
33 341
53 325
362 19
351 95
113 346
229 15
299 207
61 99
61 223
88 248
49 52
93 339
273 11
160 291
137 279
218 78
13 24
136 130
50 85
375 131
186 172
47 233
105 132
240 266
333 154
342 372
131 95
249 276
300 44
77 271
125 111
119 62
105 138
368 326
184 309
327 379
301 242
365 265
221 265
101 273
118 113
290 12
221 190
20 375
53 160
117 141
329 127
328 353
309 300
145 325
375 120
290 189
266 101
252 312
290 337
222 133
244 162
184 194
253 137
364 117
174 76
68 260
244 291
107 234
374 199
158 333
49 15
107 339
20 364
54 72
117 77
101 323
225 274
73 45
69 105
190 44
286 236
207 16
145 308
145 371
272 3
170 297
261 231
355 210
216 191
268 130
41 156
94 356
41 45
320 21
105 162
345 375
358 319
80 212
60 168
351 371
283 279
369 77
207 108
193 365
269 323
54 366
235 273
334 21
329 28
194 267
165 97
284 29
123 267
104 210
358 294
291 141
270 303
239 280
260 171
26 68
138 152
180 347
179 82
370 220
323 67
320 10
377 102
233 374
369 181
265 99
151 246
226 223
110 301
317 321
88 256
352 188
167 33
264 263
11 304
132 183
39 336
213 283
32 195
124 308
153 214
48 297
257 195
123 362
64 87
5 20
271 131
7 14
110 376
282 244
66 359
142 338
309 254
163 353
172 70
355 261
337 181
169 107
259 287
365 196
76 190
70 249
291 100
153 138
143 349
320 230
338 184
19 74
375 318
43 193
294 42
326 27
377 14
360 8
360 322
114 318
207 348
327 162
310 360
237 137
104 170
208 88
192 12
150 306
285 134
75 94
377 58
12 8
9 94
56 128
312 235
198 27
313 182
345 179
27 61
14 114
36 280
373 324
271 142
130 355
269 246
33 91
372 261
181 195
44 45
261 267
138 359
19 341
41 93
331 317
49 60
204 69
173 117
100 367
133 351
97 66
319 1
279 176
85 345
136 240
370 79
32 213
347 27
17 213
293 45
218 285
374 306
14 279
273 257
48 364
218 22
29 235
80 21
228 169
218 37
298 196
229 53
262 118
129 124
274 162
319 367
354 292
302 241
273 143
205 169
289 281
190 224
93 188
240 353
324 258
167 307
200 67
21 282
79 257
38 62
316 186
35 257
228 95
148 191
231 125
250 143
328 72
48 332
97 326
355 252
194 170
355 112
155 330
318 185
338 149
158 19
185 91
40 73
236 48
76 67
163 205
141 356
181 126
47 235
78 223
318 142
250 189
112 360
268 186
246 12
359 321
194 308
328 145
133 146
279 195
53 213
194 120
127 302
206 330
38 75
361 378
11 183
178 192
106 276
371 154
340 328
336 168
38 52
247 206
81 178
44 31
332 347
259 328
208 322
96 111
82 190
249 11
283 116
43 159
316 244
87 125
113 39
359 112
30 38
364 39
16 93
123 157
218 16
22 200
160 274
366 200
87 351
135 372
129 33
329 280
188 84
166 35
232 144
219 111
26 269
77 35
241 218
322 1
59 251
343 279
369 14
240 62
33 244
97 304
70 175
234 66
108 136
38 270
357 349
187 136
47 201
187 104
269 205
261 244
251 195
64 201
349 75
209 174
186 235
145 4
347 173
358 148
94 213
255 311
287 36
348 311
153 193
140 235
207 1
122 167
12 214
109 169
354 189
347 226
136 196
333 289
151 20
357 125
294 134
201 338
171 362
163 184
184 346
253 184
238 358
50 365
339 153
58 117
342 68
86 140
309 196
170 40
63 7
84 135
100 297
162 358
236 338
349 22
238 175
157 133
190 371
97 63
318 159
247 215
375 288
82 311
289 49
114 115
109 23
173 44
353 348
151 228
177 228
286 364
298 60
307 276
124 281
219 156
86 291
343 305
215 264
310 218
244 97
59 271
193 134
240 171
374 34
252 199
113 268
130 308
30 193
39 179
241 243
15 151
346 342
352 198
272 213
169 3
238 168
72 341
303 184
352 324
167 156
143 322
193 347
256 242
138 204
53 167
222 106
107 66
247 96
343 71
142 238
10 108
147 27
244 301
38 264
128 306
136 166
184 15
350 179
262 144
18 183
129 220
143 189
113 97
196 292
194 333
248 32
346 60
106 68
365 122
78 51
348 188
292 282
309 4
314 317
363 210
71 311
164 39
186 277
259 311
201 76
230 2
153 85
331 150
335 196
327 177
375 313
213 35
271 169
22 46
27 152
347 70
31 374
332 220
332 304
125 345
130 165
342 144
19 68
299 318
299 40
71 290
93 107
144 69
181 77
103 316
159 195
43 242
87 329
148 44
26 208
223 103
312 15
234 216
171 343
86 326
302 71
304 69
340 12
251 28
197 283
161 353
299 51
65 10
161 76
318 50
144 270
35 289
49 193
4 343
314 1
95 346
333 11
90 34
271 29
52 14
114 61
241 371
98 9
74 1
285 62
362 134
162 233
196 223
205 293
49 14
215 372
206 119
7 3
5 239
348 167
77 323
128 125
170 1
195 377
257 100
250 156
350 231
136 125
234 346
320 129
198 89
122 181
201 345
132 64
233 188
339 357
111 17
377 177
9 42
247 280
100 159
118 132
272 348
294 128
370 174
354 275
34 359
164 242
232 42
135 121
216 207
347 202
234 117
161 55
267 315
8 4
10 22
338 100
235 347
148 264
207 55
238 316
315 161
36 246
324 245
229 343
296 168
204 273
322 325
228 303
150 89
147 80
263 272
44 76
62 37
354 114
260 13
129 195
106 119
300 352
376 343
294 223
289 1
9 215
144 261
247 253
89 236
37 7
153 169
78 167
281 157
345 367
116 152
142 153
243 64
8 187
129 38
2 313
75 154
371 208
71 216
284 192
201 324
104 221
45 74
104 97
356 342
290 116
269 275
90 136
108 2
319 229
323 257
4 325
320 319
118 10
123 132
236 356
312 28
93 252
243 286
11 267
179 64
372 235
106 353
92 205
361 311
251 272
41 98
80 341
214 151
77 154
3 330
233 309
204 85
65 14
364 55
271 348
94 339
25 141
136 239
91 316
338 176
47 286
46 111
329 47
189 368
311 183
221 232
237 110
277 95
194 101
298 229
131 187
352 56
70 131
15 314
119 211
79 144
201 99
90 293
318 238
118 303
251 23
365 77
182 351
222 79
207 192
99 90
63 25
266 66
208 147
25 249
10 147
378 305
37 150
72 218
1 360
40 308
183 69
33 59
360 305
363 52
61 264
360 270
131 340
260 320
40 43
167 86
204 253
221 175
25 172
317 343
62 147
172 173
107 355
147 202
177 188
375 305
299 233
187 374
310 350
38 32
161 17
295 212
212 28
189 186
246 102
360 145
318 234
212 63
122 3
124 214
151 341
64 19
316 324
97 228
249 351
61 108
15 158
63 101
319 377
232 102
277 68
184 279
301 200
215 268
338 288
303 224
270 63
377 87
259 178
363 275
342 337
359 356
27 180
124 130
238 2
97 205
114 4
85 1
164 110
271 253
245 49
47 149
379 304
126 31
125 378
373 322
183 256
330 178
169 166
156 44
175 115
102 3
337 308
7 46
148 145
161 74
175 264
21 168
3 92
288 92
325 42
143 4
220 365
243 42
142 186
101 268
85 206
26 102
257 200
75 238
372 47
121 208
354 309
234 362
188 234
312 352
261 173
341 168
161 286
33 148
100 71
295 116
189 74
378 142
68 60
198 28
132 167
196 177
263 315
328 55
339 280
165 46
294 186
262 124
118 347
197 366
375 106
83 34
126 134
326 213
181 200
63 80
187 258
173 229
59 289
185 129
59 300
85 273
173 140
119 301
15 69
288 50
222 284
123 301
157 117
17 236
170 210
117 14
59 370
218 3
317 253
218 366
163 154
148 282
238 274
160 147
179 214
194 125
173 364
156 28
112 293
284 249
37 116
151 291
220 111
349 334
209 322
237 4
338 230
101 127
219 323
118 310
125 173
124 323
250 284
235 279
98 90
323 71
288 332
200 65
281 301
191 269
4 310
198 349
165 272
9 193
60 356
312 339
351 337
186 292
143 23
62 222
149 237
166 156
136 202
90 64
138 207
143 172
363 164
378 91
3 263
89 346
197 31
237 6
140 203
249 222
319 347
317 91
273 338
147 223
240 369
301 296
106 34
85 47
232 298
378 152
144 332
169 190
120 326
87 61
162 340
149 62
338 210
163 228
334 119
347 319
74 300
290 75
255 236
139 226
134 225
148 193
276 329
212 210
175 293
245 101
319 202
276 74
63 238
79 60
366 91
318 88
355 269
289 248
208 84
195 2
368 190
79 232
209 53
186 93
254 30
25 1
341 8
181 215
262 366
54 172
10 156
72 139
12 332
288 275
165 21
819
211
200
41
98
267
272
26
240
370
194
378
180
104
335
330
283
292
52
143
302
372
267
337
112
112
139
307
330
72
21
206
257
364
12
247
332
280
9
58
304
248
286
135
179
105
305
353
102
211
178
145
163
57
311
280
234
313
240
290
189
45
135
125
36
134
361
352
17
50
99
25
247
352
329
288
5
38
134
230
348
178
142
190
90
276
292
101
195
187
294
72
379
344
292
177
24
300
203
286
9
230
96
269
332
59
104
315
127
284
183
160
201
154
114
244
88
186
377
275
245
132
172
107
89
48
289
331
136
106
188
4
58
87
259
233
102
347
81
287
162
91
164
287
108
155
160
117
135
196
37
182
64
343
46
145
222
267
333
263
218
126
163
209
192
205
244
164
379
193
51
192
372
180
220
278
311
171
25
159
368
164
231
116
291
314
273
80
259
299
309
279
96
132
264
303
253
183
83
294
196
122
106
148
236
47
63
276
227
226
12
185
1
154
70
9
96
367
284
342
378
246
190
248
289
332
246
376
2
213
169
193
359
318
231
154
277
344
210
260
182
210
362
161
179
129
151
267
79
258
298
142
310
244
18
359
317
359
341
147
180
286
165
343
41
127
71
193
252
295
55
372
241
232
112
246
95
358
118
232
344
302
37
312
161
185
224
335
19
53
359
310
187
119
222
48
308
160
156
264
213
111
352
265
352
68
111
262
164
333
10
149
173
63
172
251
172
57
110
19
262
165
72
320
90
330
79
155
379
58
257
30
136
35
363
258
286
374
162
359
232
219
375
199
162
64
191
314
277
60
113
4
58
285
45
275
133
177
367
328
198
373
200
379
46
26
80
269
346
362
181
216
303
140
294
132
310
241
364
268
305
212
282
173
338
222
26
116
288
201
54
65
230
175
243
75
198
209
295
103
161
44
372
264
376
165
233
33
205
183
218
189
138
4
353
155
238
79
376
292
187
327
277
99
205
279
224
253
337
330
362
341
371
11
38
285
27
297
99
345
135
25
212
133
361
243
132
249
47
198
306
275
109
223
352
198
68
355
30
287
61
311
341
366
122
336
174
324
357
113
172
349
36
28
356
244
162
89
30
274
30
204
178
226
319
309
290
160
93
1
351
362
34
198
137
221
188
185
358
206
319
151
2
79
351
137
80
263
324
103
242
90
216
82
58
348
189
73
132
150
349
113
334
203
293
329
356
102
167
10
145
205
93
60
52
369
257
379
15
82
82
259
146
39
319
106
306
312
267
186
379
30
303
310
163
335
264
288
194
28
125
123
126
270
169
274
227
159
333
101
306
339
109
311
171
349
16
168
58
84
292
128
100
19
326
366
27
3
225
244
313
222
344
47
98
10
157
165
208
13
220
235
17
35
358
105
290
188
163
173
276
158
107
230
328
187
156
147
222
286
267
312
287
275
148
327
72
19
11
68
144
113
17
194
246
55
139
272
317
227
279
294
338
333
305
242
318
27
158
147
210
323
303
150
231
134
237
144
355
153
231
223
157
229
336
29
225
275
152
223
299
224
76
348
203
285
125
166
302
154
74
205
2
243
225
140
56
202
243
154
85
22
239
136
243
332
78
232
252
21
59
309
97
8
135
90
93
332
355
357
107
288
119
205
195
173
55
276
300
43
64
142
90
290
301
211
72
311
162
89
108
126
217
49
177
225
209
91
257
331
177
336
106
182
164
228
279
350
234
300
275
64
231
206
273
181
328
336
316
237
218
317
241
230
292
277
290
192
368
84
126
217
350
242
260
169
151
138
296
230
89
225
115
189
171
310
185
276
82
322
296
198
37
139
197
126
371
293
322
173
57
267
25
342
209
6
141
226
267
210
366
220
195
344
196
151
348
239
64
168
