0
0
0
3
5
1
1
0
2
2
4
0
0
1
0
0
4
0
1
1
3
1
7
2
2
1
0
1
0
0
0
0
1
0
0
0
0
0
0
3
6
0
0
1
3
0
0
2
0
1
0
0
2
1
0
0
0
0
0
0
2
0
0
0
2
0
0
0
0
2
4
1
2
0
1
0
0
0
0
0
8
11
0
4
0
0
0
0
0
0
1
0
0
0
5
1
0
0
0
0
0
1
0
0
1
1
1
1
0
1
2
1
3
5
5
0
1
0
0
6
0
0
0
0
0
0
2
1
0
0
0
0
0
4
2
0
0
0
0
1
1
0
0
0
0
0
0
6
5
0
1
0
2
1
0
0
3
0
1
0
0
0
0
0
1
1
2
0
0
0
2
1
0
4
0
1
0
2
0
0
0
0
0
0
2
3
0
0
0
0
0
1
2
0
0
0
0
1
0
0
1
4
0
2
0
0
0
0
0
0
0
1
0
2
0
0
0
4
0
1
2
11
0
3
0
0
0
4
3
1
0
0
0
0
2
2
2
2
0
0
0
0
3
0
2
0
0
3
0
0
0
3
4
1
0
0
11
1
0
0
0
0
0
4
1
0
7
0
0
6
0
2
1
0
2
0
1
2
0
2
2
1
1
4
0
0
4
0
1
8
0
12
0
0
2
8
0
2
0
0
2
0
0
0
0
0
0
