1000 360
25 841
336 277
178 468
641 374
98 993
111 10
99 461
253 533
518 705
43 869
647 222
961 906
400 907
602 18
343 465
873 766
162 429
731 81
440 368
172 412
666 914
34 974
794 295
974 588
906 379
736 116
793 89
568 781
93 391
375 237
563 241
195 404
394 847
76 622
816 982
685 152
561 28
87 473
133 396
1 278
696 15
89 234
638 317
335 208
770 13
257 344
37 316
845 18
752 520
731 431
637 36
795 261
880 211
228 969
732 144
443 301
677 399
773 914
910 749
119 700
572 798
152 575
344 263
219 307
619 511
564 51
48 972
522 891
789 327
568 695
564 952
909 1
587 705
154 520
626 554
933 628
124 292
937 292
415 991
244 199
123 352
762 285
944 165
741 71
795 767
521 584
39 594
653 735
638 746
337 588
66 388
57 790
483 938
964 244
506 809
55 128
1000 793
842 860
532 699
257 255
637 939
956 263
284 318
903 238
955 840
77 63
391 867
954 887
327 478
215 619
973 944
650 219
377 906
671 92
569 470
379 545
999 465
306 919
15 681
584 749
496 486
933 917
37 328
823 935
541 205
901 178
831 493
404 538
550 283
333 675
189 803
189 151
881 976
996 91
291 913
881 823
894 580
324 568
631 195
505 772
2 33
254 92
945 901
996 374
793 883
126 783
23 198
367 141
935 521
604 743
117 310
63 367
714 396
406 343
739 557
358 34
417 650
488 813
25 229
251 75
278 820
65 855
98 632
905 477
206 773
261 512
388 148
621 57
459 143
867 863
513 979
782 855
235 592
585 633
512 944
956 451
910 158
346 480
934 757
706 208
394 149
402 735
597 997
732 776
144 157
754 482
595 869
923 847
529 694
746 710
781 36
447 27
915 807
738 829
839 66
322 619
642 452
646 860
454 92
73 691
397 927
745 71
148 60
471 413
380 171
836 738
198 178
883 983
838 272
829 892
518 159
462 597
441 438
830 604
858 419
328 203
208 713
310 89
33 965
223 500
204 805
424 80
182 454
4 922
983 790
373 323
152 942
199 383
134 33
947 956
219 971
246 255
860 816
353 875
380 334
770 658
104 131
501 986
654 355
668 785
724 106
90 555
656 279
988 430
845 632
731 498
532 269
995 658
38 17
391 322
541 65
1000 159
356 611
587 320
193 393
674 978
727 957
971 25
114 107
241 703
837 144
260 304
437 686
452 616
509 542
203 235
550 416
428 644
306 691
307 782
285 978
452 357
40 463
585 578
357 256
695 761
423 230
95 277
214 567
855 581
113 433
591 732
962 788
503 590
214 205
445 172
87 228
595 20
418 87
872 927
430 903
257 493
138 958
177 142
733 640
568 350
666 648
127 231
216 288
260 956
138 479
230 542
634 872
258 811
440 909
654 821
561 853
469 471
263 317
581 157
317 830
351 276
348 512
481 917
437 302
304 957
256 580
227 834
658 213
714 195
888 815
523 864
282 240
412 34
392 733
705 993
644 991
318 807
687 345
921 618
760 491
671 718
734 742
232 826
492 385
860 529
70 510
297 961
18 132
286 372
707 169
285 312
185 109
636 577
137 108
824 619
178 4
488 964
319 563
866 427
754 153
718 913
148 719
683 284
861 451
402 280
492 203
691 335
586 123
70 940
518
941
372
423
581
53
225
630
552
515
282
534
326
569
222
287
714
495
97
558
664
481
828
470
192
545
877
700
376
30
933
527
182
574
305
273
69
492
530
343
288
581
544
855
255
438
528
719
754
105
54
791
594
263
876
615
814
724
52
486
283
404
985
792
809
695
758
717
717
521
401
24
991
946
521
581
169
129
566
595
574
217
879
509
481
247
660
987
548
59
134
171
798
878
397
788
326
848
660
744
494
944
789
437
475
708
979
831
778
148
903
488
941
463
449
368
862
703
668
622
527
8
101
738
209
815
113
620
517
439
68
85
61
907
513
650
137
71
209
851
956
935
801
504
587
407
14
916
302
532
262
477
799
209
2
918
803
183
279
72
821
883
555
229
823
857
221
77
294
623
970
889
616
1
526
877
960
918
565
524
372
710
330
100
876
297
172
901
312
677
410
727
181
885
150
118
918
440
489
837
167
903
605
974
551
305
744
599
635
132
620
509
943
45
350
460
120
660
274
440
257
400
359
227
539
774
986
611
64
223
632
380
788
60
332
719
336
459
412
939
628
793
175
92
424
772
435
511
436
795
682
874
878
817
217
253
329
465
499
286
419
770
717
709
340
169
849
281
409
28
688
977
169
39
663
523
895
512
184
416
987
336
913
697
760
395
503
536
171
661
36
443
291
6
301
252
42
60
55
787
465
754
92
583
730
261
772
818
622
526
125
825
253
507
288
456
69
291
97
855
173
397
854
214
778
896
634
682
732
948
930
41
633
219
202
864
107
505
405
400
716
509
93
157
808
254
655
897
63
355
676
241
961
588
760
687
82
28
434
821
768
243
22
123
648
845
851
775
878
372
269
849
478
931
387
363
901
585
629
870
388
504
237
505
103
860
142
762
767
50
706
950
565
14
131
627
795
108
114
403
308
722
29
542
354
440
395
610
309
54
219
801
341
30
29
568
883
711
828
302
953
673
209
942
763
446
745
833
372
518
859
374
165
95
402
98
913
296
379
390
298
919
583
285
637
142
204
325
872
253
94
921
101
759
361
267
732
342
719
435
45
199
901
440
270
934
67
500
479
398
49
381
465
892
198
882
651
479
947
216
749
339
755
72
781
773
165
635
159
863
481
309
733
56
359
787
229
238
772
226
549
447
202
650
600
751
623
334
626
573
193
392
779
878
153
808
214
382
59
