419 1900
305 102
86 331
139 415
26 355
167 96
110 348
116 8
7 300
13 32
79 283
329 194
200 381
95 218
37 269
113 47
5 265
147 356
207 354
18 93
295 382
357 321
369 242
227 100
283 150
73 167
159 346
256 359
164 267
326 356
353 113
298 253
381 352
189 314
371 236
387 35
336 234
316 148
335 316
239 389
267 14
100 376
355 166
65 60
163 9
293 42
184 286
332 13
152 160
268 328
399 199
81 375
371 250
407 109
372 308
148 104
80 338
386 169
363 360
314 37
228 124
1 217
416 303
353 45
39 148
315 33
118 251
369 320
163 171
178 418
310 410
61 27
160 303
210 169
243 151
413 37
293 278
222 290
1 163
352 165
404 418
287 163
233 122
107 197
164 17
346 78
53 109
111 112
169 28
94 59
308 354
159 116
326 398
245 379
53 282
291 79
372 50
57 123
166 391
25 23
395 92
155 67
125 107
144 393
7 213
250 186
76 139
171 271
159 382
179 74
81 405
119 32
95 303
369 333
128 233
80 157
13 182
161 118
188 371
197 419
406 326
75 208
133 225
280 355
209 46
7 176
205 240
181 258
339 153
90 403
81 83
273 156
229 9
287 192
23 30
197 394
34 92
260 296
157 163
260 330
54 384
133 313
389 216
307 201
5 360
356 152
124 60
23 320
277 69
60 378
388 153
411 208
195 307
10 250
268 168
121 386
327 163
170 201
311 39
267 114
130 323
382 334
207 265
265 403
312 156
284 180
107 286
328 31
386 270
13 135
12 129
193 312
47 319
223 281
382 141
258 307
397 116
374 409
4 75
22 19
162 78
327 362
305 221
190 412
307 101
45 121
232 167
339 306
365 362
164 80
375 330
370 391
58 306
138 378
198 314
334 32
150 51
1 98
278 24
230 163
371 242
391 398
32 149
157 400
62 353
48 189
61 45
156 322
147 253
144 226
102 103
34 163
260 239
20 136
20 305
18 368
25 296
60 129
348 378
246 298
156 233
227 276
194 228
101 290
82 242
254 390
154 111
131 373
392 18
242 219
307 396
62 92
2 233
334 306
21 69
104 167
194 393
217 309
261 223
407 22
182 241
217 347
331 318
72 141
307 47
231 208
49 73
410 67
312 174
268 217
395 62
395 61
195 26
273 30
148 205
159 113
264 199
376 408
361 125
19 376
169 75
361 104
192 120
235 301
408 294
397 178
408 175
409 285
147 296
225 271
198 190
240 350
409 256
227 347
249 43
259 164
221 91
341 261
194 239
259 13
78 109
253 112
305 101
291 293
204 44
328 188
182 48
231 339
36 24
124 233
237 367
9 59
310 54
348 280
219 15
123 369
124 103
241 302
108 185
351 320
107 2
112 90
7 88
250 335
276 85
312 329
396 392
374 375
132 71
392 89
415 22
117 224
418 45
393 413
48 268
156 340
245 112
274 76
73 27
170 191
354 345
409 184
116 279
52 406
2 269
86 293
111 58
140 318
181 108
256 333
284 396
23 287
28 98
196 191
159 178
106 168
340 190
210 308
331 378
110 351
133 116
264 360
13 119
273 184
236 69
116 27
100 400
203 399
164 262
174 258
165 391
259 78
233 401
279 333
140 265
320 300
243 164
116 209
326 277
314 337
36 99
384 117
91 386
97 243
149 50
125 266
6 184
176 92
419 414
411 401
271 309
199 229
45 232
26 415
197 298
87 128
230 202
100 35
237 33
260 373
219 75
66 7
301 414
390 100
388 375
402 243
296 152
376 417
216 416
219 290
341 390
117 382
34 312
308 350
212 357
279 300
349 91
186 160
83 152
105 108
161 415
146 110
395 355
299 167
87 302
42 232
266 254
352 253
114 126
38 18
328 240
117 30
332 83
121 77
419 261
28 38
277 116
122 257
305 191
410 91
399 161
276 81
372 135
230 212
321 93
406 69
106 198
225 183
265 22
192 107
96 54
61 131
155 282
89 1
276 403
106 4
197 337
345 306
74 273
336 26
339 311
87 223
187 331
170 33
261 77
9 259
307 169
44 199
289 267
389 257
156 226
378 147
168 49
77 293
210 214
100 183
237 316
306 368
104 169
210 361
412 108
17 260
252 96
244 327
13 144
112 419
205 189
344 61
63 49
135 103
29 154
178 342
302 307
312 250
182 414
296 122
376 389
328 260
388 318
306 378
49 192
300 143
156 198
318 235
40 37
113 72
125 398
125 38
333 44
19 356
38 391
278 180
145 100
244 191
308 175
20 350
24 106
20 41
242 365
343 406
74 326
86 200
265 34
387 86
42 195
282 115
410 30
130 27
376 340
382 7
3 356
375 33
169 181
185 157
162 337
191 162
361 52
34 274
244 1
58 81
394 131
358 149
388 228
288 33
341 64
149 299
298 304
129 387
407 417
143 340
412 229
54 401
264 3
6 78
220 206
255 21
296 141
342 127
6 13
171 168
140 226
199 250
411 270
414 119
39 378
252 395
166 217
78 337
379 418
27 266
69 187
202 58
112 40
230 313
344 167
382 148
187 338
52 94
414 320
419 364
165 289
409 202
355 53
98 118
134 62
200 158
97 79
103 123
265 151
286 187
1 375
321 194
34 350
64 68
297 126
30 84
395 379
75 21
58 313
401 409
372 82
113 346
75 32
323 40
78 250
124 148
102 283
170 407
259 173
191 95
258 96
83 109
386 88
109 168
408 406
152 121
200 45
275 133
190 316
332 137
90 193
403 49
333 146
174 392
126 299
370 292
85 152
273 282
196 243
276 179
68 282
66 238
381 417
178 171
246 174
232 112
33 384
44 239
389 174
283 87
331 347
284 303
164 21
277 325
10 142
348 196
43 158
254 75
351 236
248 347
38 11
284 15
182 73
263 174
35 192
356 234
408 332
151 377
330 325
398 372
370 293
408 287
17 183
4 327
207 291
294 18
314 355
218 387
41 416
307 332
393 13
414 115
338 253
59 340
346 285
232 306
391 124
297 155
321 35
197 71
317 46
204 396
149 43
182 51
274 237
411 338
38 170
87 337
14 279
215 55
196 341
235 295
240 257
178 409
156 341
28 289
385 130
116 344
28 225
132 74
295 327
341 395
185 378
350 208
85 21
362 325
243 196
168 316
189 100
134 251
45 391
219 189
127 190
217 39
23 186
137 29
172 62
287 148
6 10
342 306
359 350
28 364
358 22
4 251
309 329
339 52
73 136
106 107
331 282
346 62
265 153
365 217
205 359
76 336
237 377
371 151
345 339
275 103
146 312
248 403
42 211
277 394
364 413
254 372
185 69
380 304
100 275
225 408
387 3
391 37
17 81
395 242
356 38
64 316
243 127
321 270
307 10
393 51
260 2
325 316
256 98
289 405
196 4
215 48
222 182
359 49
319 311
129 96
404 271
320 219
249 27
340 331
25 334
361 261
311 181
68 273
359 218
62 392
230 13
396 407
338 394
230 108
65 407
123 245
269 140
395 417
329 219
34 181
261 139
340 257
220 229
248 292
192 394
96 221
278 174
224 362
302 98
94 4
346 33
354 200
315 51
347 340
309 407
254 106
92 152
115 136
39 281
240 361
372 1
405 159
51 129
7 83
251 286
110 194
140 391
352 101
198 14
178 195
345 216
32 127
114 109
366 218
184 131
123 33
30 92
16 255
413 209
387 68
27 379
398 377
226 36
122 111
1 167
246 350
159 21
293 334
192 282
325 16
248 329
256 257
39 292
221 308
72 293
383 1
335 155
241 373
384 1
391 416
4 333
197 222
325 8
122 186
191 225
188 308
226 60
12 329
15 110
242 255
133 23
336 399
100 415
394 344
51 408
37 164
293 336
27 87
215 343
212 393
160 370
21 136
356 348
353 389
121 105
279 319
330 310
106 368
272 376
225 171
107 296
295 277
318 328
136 391
147 129
405 396
402 84
197 231
240 122
300 322
378 249
92 325
152 167
287 158
64 364
104 358
235 302
154 293
167 61
20 321
64 110
268 258
347 215
300 205
162 383
141 31
338 356
97 329
12 254
33 321
208 347
26 77
315 8
189 223
232 227
414 185
2 26
240 71
239 197
339 12
192 151
187 27
47 402
360 172
193 51
32 377
36 60
340 238
391 311
133 311
342 45
111 181
32 154
130 44
246 22
363 97
135 276
26 218
3 7
145 12
41 418
1 273
102 326
367 355
265 192
288 418
31 265
327 33
112 172
51 211
308 49
63 59
14 101
331 281
273 405
296 333
56 192
186 67
210 306
132 264
13 78
321 97
19 295
136 218
267 257
39 242
375 343
247 229
330 120
103 211
354 293
17 52
152 225
1 111
229 56
353 274
109 146
30 235
370 224
138 133
331 237
233 361
101 215
179 21
25 223
349 117
178 98
323 59
108 226
161 275
197 277
372 9
261 22
70 76
7 377
22 84
195 295
156 55
339 200
119 399
42 59
69 42
153 320
206 344
50 87
368 108
33 280
336 286
357 36
256 170
292 310
280 31
208 168
405 235
136 267
379 147
170 261
418 224
382 172
391 259
372 71
358 72
62 46
34 308
353 89
97 31
324 306
200 388
306 121
151 312
232 37
200 379
53 405
317 217
244 276
20 238
225 4
410 89
240 128
249 193
30 104
223 91
325 338
239 328
306 176
154 143
359 391
256 21
185 310
142 230
4 98
231 87
371 337
278 57
73 228
47 62
406 252
318 266
119 330
386 38
384 253
116 356
264 306
6 133
42 392
224 80
351 242
79 357
39 106
159 303
3 78
240 46
258 373
412 291
86 410
85 61
287 67
401 215
219 167
161 97
170 153
137 193
320 376
13 300
59 320
342 31
127 77
361 122
185 119
85 203
143 78
92 161
101 279
260 356
54 108
367 397
395 285
87 96
209 388
404 13
234 372
384 225
253 234
22 365
313 107
32 375
268 419
150 399
23 145
378 40
110 91
241 343
295 58
195 200
382 402
107 51
287 320
173 149
1 293
103 344
299 124
303 144
271 368
59 283
15 145
44 230
81 274
40 245
204 98
255 47
377 337
306 381
205 35
11 110
277 220
313 146
271 236
326 113
95 315
338 118
88 57
365 270
64 77
347 381
216 277
227 129
405 416
173 203
127 366
215 115
24 237
13 378
405 74
243 43
378 283
188 172
387 154
219 288
306 20
166 136
341 348
319 375
247 297
213 384
245 359
154 341
149 285
27 219
314 297
47 411
179 360
225 331
117 86
406 319
226 417
2 371
154 238
293 359
249 84
386 249
106 342
56 18
402 356
62 376
161 26
47 106
26 247
278 287
302 384
46 326
92 202
51 281
354 241
197 178
3 348
183 223
11 24
349 138
387 60
394 120
257 295
24 287
354 207
60 131
267 38
23 333
396 205
21 207
37 367
321 16
238 204
35 21
51 90
40 30
5 227
193 261
341 286
163 334
305 153
173 320
410 323
180 177
213 144
273 377
335 18
57 344
409 379
264 61
91 185
8 43
397 305
208 245
310 200
168 136
382 315
350 315
397 119
80 110
181 138
11 333
34 115
186 52
21 379
15 199
127 98
110 398
418 319
144 243
386 308
94 108
52 198
197 313
398 106
165 308
337 227
208 165
319 32
52 172
418 97
258 90
297 184
38 253
305 106
100 271
121 253
9 45
403 150
238 195
248 213
280 301
374 347
282 264
408 255
336 137
245 280
191 401
291 416
360 306
40 170
389 345
316 281
144 51
141 313
149 408
235 169
76 273
348 220
333 297
377 390
113 331
219 411
186 415
73 397
71 81
333 399
108 406
74 164
314 108
41 396
242 377
107 358
11 208
306 204
39 320
174 286
232 49
46 123
330 360
103 207
245 302
381 388
218 59
113 357
383 220
115 51
26 372
38 371
132 410
253 419
389 368
290 225
243 157
164 222
235 409
1 343
234 299
283 218
380 231
316 249
207 138
263 135
259 136
30 419
193 282
320 43
167 361
379 293
160 317
346 63
70 120
352 265
365 255
202 238
144 208
393 301
327 27
118 204
110 317
382 349
30 157
363 307
278 80
34 107
92 140
248 188
263 285
302 146
153 289
100 13
37 203
408 32
173 416
64 341
216 114
159 130
10 118
361 132
408 167
17 50
151 177
9 301
162 105
143 312
270 383
219 281
190 199
395 188
244 233
224 396
379 83
400 153
32 45
127 413
237 231
404 211
236 87
31 409
188 232
66 56
127 305
298 345
148 106
303 150
256 347
189 238
349 292
269 187
55 170
90 273
40 70
321 323
124 418
52 403
69 320
232 135
282 35
213 255
374 193
73 311
282 310
332 95
94 295
264 208
85 177
215 135
113 126
330 203
365 293
37 133
14 54
107 399
281 303
417 149
82 282
123 360
33 13
139 111
196 321
418 36
324 129
368 371
194 23
247 283
53 134
121 51
171 399
181 75
149 51
234 361
6 12
163 121
405 384
63 357
261 218
416 105
223 269
156 17
322 362
381 192
257 270
180 272
405 232
161 402
13 141
184 148
23 153
48 266
73 293
206 158
40 205
392 263
395 293
202 12
17 286
111 143
72 190
8 403
362 321
29 233
333 51
19 194
64 69
345 187
235 96
282 163
418 250
10 379
302 298
178 398
216 245
346 339
121 301
116 245
389 133
374 205
89 398
231 209
100 2
112 270
77 53
5 27
392 128
316 403
168 181
331 250
8 166
127 138
52 35
141 36
186 117
200 273
324 304
221 135
15 374
299 371
31 333
92 33
304 99
3 44
279 189
40 161
327 133
242 287
31 76
285 63
403 218
161 332
61 392
87 243
230 26
313 57
72 376
160 146
79 273
269 148
344 106
276 129
285 171
103 158
322 197
101 305
208 373
168 282
276 279
230 226
89 219
289 416
400 307
391 348
380 253
250 196
244 418
375 38
131 177
15 382
95 126
397 246
82 376
370 300
6 109
314 201
281 248
346 396
259 248
399 334
180 131
416 366
2 18
347 264
268 365
122 144
161 180
352 37
104 35
69 80
148 12
240 195
141 202
363 131
48 356
308 237
44 255
235 194
286 241
91 265
278 142
266 341
21 149
19 261
290 266
99 191
221 128
142 73
217 403
3 188
319 234
204 30
256 140
46 362
34 364
412 223
257 155
133 287
216 280
293 137
90 89
1 87
299 339
322 221
61 161
44 45
287 124
310 149
333 252
24 311
409 140
88 28
156 255
178 105
343 80
102 95
212 29
97 239
359 183
33 333
126 209
203 222
389 154
355 176
123 297
383 208
353 155
292 69
394 244
361 181
397 21
372 368
391 258
319 186
224 102
28 275
294 119
106 361
159 245
400 136
337 298
246 258
24 14
131 237
19 138
105 218
92 84
385 149
144 323
298 102
263 414
270 5
412 364
119 189
68 248
201 70
207 24
157 106
352 419
334 142
126 43
42 182
149 345
277 80
282 6
84 301
218 103
186 396
77 374
147 380
83 359
10 91
139 278
82 161
386 341
182 404
251 83
279 95
292 49
383 24
192 233
118 197
200 134
201 370
89 257
52 397
76 165
318 182
78 130
20 303
146 360
301 388
403 275
68 271
411 348
330 257
163 296
271 208
415 350
392 90
113 228
108 369
58 370
71 70
290 251
381 156
75 406
83 321
404 301
189 94
283 29
232 54
311 323
211 52
349 315
91 171
176 321
150 153
93 64
105 36
54 257
401 35
312 135
8 99
26 83
147 66
391 223
331 316
199 259
199 256
111 297
199 39
174 237
205 144
83 279
195 143
319 304
44 372
286 411
159 227
345 214
236 343
397 362
281 327
18 100
233 321
228 310
164 375
264 15
60 57
406 293
207 26
406 232
38 43
382 267
195 132
193 258
82 324
209 395
299 399
212 169
109 153
133 305
78 74
140 120
3 238
44 182
91 417
348 340
263 46
187 273
74 94
355 256
276 386
321 14
127 240
362 331
406 280
200 306
237 247
175 151
230 236
262 21
192 75
80 147
126 350
381 312
183 176
255 373
145 350
381 368
356 385
120 396
12 221
373 251
355 109
371 111
312 405
144 7
386 268
385 417
94 57
25 376
244 55
275 28
356 116
130 137
289 194
265 237
210 213
101 158
203 195
308 21
47 348
391 41
381 27
387 389
129 93
166 285
233 100
105 66
89 334
374 156
311 134
161 353
263 270
354 24
352 296
262 128
374 133
41 125
201 304
408 291
366 267
300 264
159 140
68 238
405 399
364 112
18 286
165 1
143 301
374 364
117 291
235 141
322 152
81 256
209 151
222 417
252 40
358 101
409 263
155 139
185 129
45 1
118 198
285 3
345 46
308 310
316 396
180 79
182 61
419 163
192 359
149 21
353 206
354 391
137 404
6 274
39 245
124 216
372 235
61 211
373 269
102 255
192 245
346 345
298 407
332 236
6 196
279 326
296 305
392 370
375 202
140 79
381 382
364 109
7 219
328 120
118 14
100 129
10 329
263 182
302 174
116 364
42 316
159 141
261 151
306 232
356 283
324 25
341 389
406 96
398 157
151 136
399 29
181 54
271 172
358 328
306 80
136 309
190 18
6 8
186 227
158 349
392 322
216 94
309 82
191 105
78 351
158 69
393 367
95 152
341 182
341 191
148 185
202 332
409 119
289
140
320
364
340
202
146
42
242
394
350
200
14
38
308
160
191
354
72
7
65
52
296
60
191
415
253
194
226
347
325
115
175
233
101
36
71
44
127
75
267
133
122
278
259
345
241
160
405
301
112
71
104
374
26
252
124
84
301
61
1
43
237
357
38
157
111
393
196
338
308
302
12
54
145
102
310
322
204
31
225
416
20
119
416
110
182
87
306
47
141
80
374
218
375
303
412
6
119
344
164
188
43
238
241
232
413
72
328
282
6
93
193
411
214
251
22
23
272
306
224
342
209
29
195
273
360
245
268
218
76
19
73
361
46
42
178
88
150
90
350
184
93
228
131
201
181
45
281
262
24
151
303
386
214
27
51
203
72
40
367
362
354
129
156
271
99
252
342
69
184
296
176
207
173
180
294
111
84
1
75
264
247
411
396
333
148
17
300
257
75
260
295
165
102
91
277
99
382
263
51
121
348
258
358
381
131
182
117
154
307
82
337
285
327
319
3
274
97
301
349
347
347
294
112
406
404
177
226
112
124
358
115
322
49
338
366
172
220
279
91
44
37
318
132
3
232
110
347
58
32
61
194
350
291
336
344
108
315
272
186
126
297
48
378
264
222
162
311
40
328
3
101
309
43
417
154
12
308
244
211
31
161
51
98
7
25
378
114
392
