100 100
259400 919517 46372 156886 556821 485759 192777 414694 172547 441638 31990 557755 685183 305362 938222 305798 969705 766509 623870 82295 713081 507102 116339 431019 542158 392488 577976 964170 415095 735144 873018 632844 616990 798736 810255 493632 540822 925581 799167 458455 108679 887360 566887 837675 381364 172594 374252 407386 637119 118516 362458 896170 160390 876933 321775 150460 953230 888206 542418 401770 435470 833112 152707 717503 217739 33627 810441 333337 897841 268195 506782 754465 330816 835063 564153 299541 433526 215826 204944 46158 194728 48867 767587 374819 897772 522638 91228 79286 272020 63893 543219 325850 617788 425956 735041 803231 507540 773894 639813 813269 
1 74 454304
2 43 73
1 23 103450
1 29 600078
2 18 50
2 40 94
2 20 90
2 14 28
2 3 91
2 9 93
2 25 82
1 72 -497880
2 42 77
1 100 -369321
2 34 78
1 1 672034
1 45 472134
2 29 35
1 11 -366051
1 81 244269
2 59 72
2 67 96
2 44 70
1 26 -564772
2 17 50
1 1 -121185
2 7 26
2 36 46
1 84 -867063
2 54 63
1 97 -282888
1 78 -330381
2 84 86
2 20 66
2 70 80
2 10 78
2 52 67
2 44 78
2 58 64
1 99 817487
1 24 957328
1 41 -251096
2 14 79
2 31 89
2 31 37
1 38 -173948
2 68 89
1 57 -937328
2 3 55
1 24 578930
1 52 -104432
1 86 -6187
2 35 44
1 87 -947623
2 26 69
1 24 -110022
1 34 205013
1 58 836063
2 14 49
1 27 -807410
1 2 -602400
1 76 869381
1 96 573749
2 42 70
2 50 62
1 57 -673973
1 74 -734292
1 45 -269204
1 95 846284
1 96 -444777
2 31 38
2 11 48
2 34 95
1 51 -871856
1 95 730677
2 6 59
1 99 943973
2 32 92
2 34 52
1 99 920618
1 24 505579
2 27 96
2 47 54
1 100 -282199
2 41 75
1 5 -647472
1 41 111607
1 5 -980799
2 22 28
1 88 -724983
2 24 83
1 87 182141
1 56 110508
1 31 840894
1 52 -720973
1 81 -158679
1 63 -30005
2 20 46
1 2 964494
2 9 76
