732823
981419
993642
1431935
1431935
993696
1431935
1431935
1431935
997086
993696
1431935
1431935
935603
1424578
1431935
999118
1431935
1431935
999118
1431935
1785257
1785257
1381584
1785257
998660
1785257
1254907
1617752
1617752
1617752
1617752
1431935
1785257
962586
1785257
1431935
1785257
1785257
1326800
1785257
1326800
1785257
1785257
1381584
1381584
1785257
1785257
1785257
1336560
1424578
1785257
1785257
1342966
1617752
1326800
1336560
1381584
960929
999118
1336560
1326800
1381584
1722594
1785257
1342966
1785257
1722594
1553912
1424578
1785257
1553912
1163988
1381584
974903
1785257
1785257
1617752
1785257
1785257
1201435
775859
998660
1617752
1785257
1386041
1785257
1785257
984529
1617752
1553912
1785257
1611242
976194
1722594
1617752
1617752
1424578
1611242
1553912
1785257
1611242
1785257
1785257
1785257
1664786
1785257
1847480
945572
1847480
1847480
1163988
1553912
1336560
1847480
1553912
1617752
1847480
1386041
1847480
1847480
1847480
1847480
1847480
1847480
1664786
1629122
1722594
1847480
1664786
1553912
1847480
1611242
1847480
1847480
1664786
1847480
1553912
1498246
1847480
1664786
1847480
1664786
1664786
1868507
1868507
1868507
1868507
1553912
1755538
1868507
1553912
968535
1553912
1847480
1553912
1868507
1868507
1868507
1755538
1722594
1847480
981419
1868507
1868507
1553912
1847480
1104215
1664786
1868507
1868507
1868507
1493488
1868507
1847480
1595476
2377134
1868507
1868507
1664786
1868507
2377134
2377134
1561230
2377134
2377134
2377134
440549
2377134
1664786
1755538
1664786
2377134
2377134
1935328
2377134
1935328
1935328
2377134
2377134
1935328
2377134
2377134
1935328
1935328
2377134
1590181
1617752
2377134
2377134
1561230
1755538
2377134
2377134
942530
2377134
1553912
1553912
1868507
2377134
875998
2377134
2377134
1868507
1755538
1664786
1755538
1969274
1969274
2377134
1785257
2377134
2377134
2377134
998660
1590181
2377134
2377134
1969274
2377134
1229389
2377134
1969274
2377134
2377134
2377134
914176
1617752
2377134
1561230
1493488
1553912
1664786
1969274
1969274
1405627
1969274
1969274
2377134
1722594
1336560
2377134
2377134
1722594
1590181
1969274
1590181
2377134
2377134
2377134
1969274
2377134
1969274
2377134
2377134
2552867
2377134
1868507
2377134
1755538
1935328
2552867
2377134
2552867
2552867
1617752
2377134
1603870
1969274
2552867
2377134
1295670
1629122
2377134
1969274
1595476
2377134
2552867
2377134
1116180
2552867
1336560
1336560
2552867
1664786
2552867
2377134
2552867
2552867
1755538
1868507
2552867
2552867
1785255
2552867
2552867
2552867
1664786
2552867
2377134
1755538
2552867
1629168
2552867
2377134
2552867
1145920
1868507
2552867
2377134
2552867
2552867
926308
2377134
2377134
2377134
2377134
1382119
2552867
2552867
1553912
1785255
2377134
2377134
2552867
1664786
2552867
2552867
2552867
2377134
2377134
2552867
1069371
1755538
2552867
2552867
2377134
2377134
2377134
2377134
2552867
2377134
2377134
2552867
1590181
2747212
2747212
2747212
2201250
2747212
2552867
2747212
1785255
1434336
2377134
1104215
2747212
1755538
2747212
2747212
1608304
1381584
1785255
2747212
2552867
2747212
2113955
2113955
1722594
2747212
2377134
1434336
2201250
2377134
2747212
2377134
2747212
2377134
2113955
1788245
2377134
2377134
2113955
2747212
2377134
2747212
1793968
2113955
1553912
2747212
2747212
2377134
2747212
2747212
2747212
2747212
2113955
2747212
1793968
2747212
2747212
1788245
2377134
1755538
1755538
2747212
2377134
1735146
1767087
2747212
2747212
2747212
2377134
2747212
2747212
2747212
2377134
2377134
1354817
2747212
910256
2747212
2747212
2201250
2377134
2377134
2377134
2377134
2747212
1145920
2747212
2747212
2747212
2377134
1788245
2377134
2747212
1722594
2747212
1785257
2377134
2747212
2377134
2747212
2377134
2747212
2747212
2377134
2747212
2747212
2747212
2201488
2747212
1608304
2747212
2377134
2747212
2377134
2377134
2747212
1788245
2377134
2377134
2747212
2201250
1056603
2747212
2377134
2747212
1553912
2377134
2747212
1381584
2747212
2747212
2377134
2201488
2249261
2377134
