999882
999787
999802
997734
998535
999802
999730
1073250
988644
1073250
999802
997819
1073250
1073250
1073250
1073250
1073250
1073250
1073250
983817
1712358
1073250
1073250
999802
999802
996504
1073250
1073250
1073250
999802
1073250
1073250
1712358
1073250
1712358
1110492
1110492
998878
1073250
1073250
1498572
1498572
999802
999802
1498572
1498572
1115469
999802
1073250
999787
1498572
1115469
998432
1345296
1110492
1345296
999802
1498572
999802
1345296
999802
1712358
999802
1345296
1712358
1345296
999802
1115469
1115469
1110492
1712358
1345296
1345296
1345296
1345296
1498572
1345296
998632
1345296
999295
1046166
1345296
1417337
1417337
1345296
1712358
999787
1506374
1506374
1110492
1417337
1345296
1506374
1506374
1345296
1498572
960763
1345296
1506374
1417337
1345296
1051538
1506374
996504
1506374
1506374
1497937
1345296
1712358
1712358
1202875
1506374
1506374
1345296
1345296
999730
1115469
1345296
1345296
1345296
1506374
1345296
1417337
1417337
1417337
1115469
1712358
1345296
1345296
1345296
1506374
1202875
1498572
1712358
1417337
1506374
1506374
1712358
1202875
1712358
1712358
1417337
1712358
1202875
1406750
1506374
1506374
1506374
1628341
997595
1406750
1712358
1712358
1506374
1628341
1628341
1687806
1817676
1817676
1863515
995746
1817676
1817676
1688056
1863515
1506374
1712358
1688056
1536254
1863515
1536254
1817676
1497937
1688056
1688056
1817676
1160001
1628341
1817676
1712358
1628341
999787
1863515
1688056
1628341
1497937
1628341
1628341
1688056
1628341
1863515
1863515
1406750
1863515
1688056
1688056
1688056
1817676
1712358
1756026
1817676
1628341
1688056
1863515
1073250
1756026
1688056
1670372
1756026
1817676
1670372
1817676
1756026
1712358
1756026
1817676
1670372
1756026
1817676
1908539
1498572
1498572
1670372
1908539
1817676
1908539
1908539
1908539
1908539
1908539
1908539
1908539
1712358
1908539
1863515
1498572
1908539
1712358
1908539
1908539
1863515
1908539
1345296
1687806
1863515
1817676
1908539
1908539
1687806
1670372
1908539
1506374
1908539
1908539
1817676
1319231
1536254
995541
1908539
1817676
1160001
1817676
1908539
999787
1908539
1385790
1988459
1988459
1908539
1908539
1908539
973383
1621419
1712358
1908539
1908539
1908539
1641261
1817676
1688056
1628341
1908539
1536254
1908539
1817676
1988459
1908539
1908539
1988459
1687806
1670372
1908539
1988459
1908539
1908539
994585
1817676
1988459
1536254
1908539
1908539
1536254
1417337
1756026
1756026
1908539
1756026
1908539
1908539
1908539
1908539
1908539
1988459
1817676
1908539
1988459
1908539
1498572
1908539
1988459
1756026
1908539
1679528
1670372
1908539
1908539
1908539
1670372
1908539
1908539
989252
1908539
1908539
1817676
1908539
1988459
1817676
1484358
1756026
1817676
1712358
1712358
1908539
999787
1687806
1908539
1817676
1908539
1908539
1908539
1908539
1817676
1908539
1679528
1908539
1817676
1908539
1385790
1908539
1628341
1688056
1687806
1908539
1908539
1327984
1712358
1817676
1670372
1406750
1670372
1908539
1817676
1908539
1908539
1908539
1670372
1908539
1817676
981728
1908539
1817676
1988459
1908539
1908539
1908539
995481
998208
1908539
1908539
1670372
1908539
1908539
1988459
1506374
1670372
1545819
1498572
1817676
1406750
1908539
1908539
1817676
1672659
1908539
1908539
1908539
1908539
1402671
1908539
1908539
1908539
1988459
1908539
1908539
1988459
1908539
1908539
1908539
1908539
1693319
1688056
1144325
1908539
1693319
1817676
1908539
995201
1908539
1908539
1712358
1506374
1621419
1817676
1988459
1908539
1988459
1712358
1908539
1908539
1988459
1506374
1756026
1687806
1244757
1712358
1385790
1908539
1908539
1988459
1712358
1988459
1908539
1712358
1908539
1908539
1817676
1908539
1908539
1712358
1908539
1536254
1360339
1988459
1817676
1908539
1536254
1693319
1756026
1712358
1908539
1693319
1688056
1098831
1908539
1712358
1485570
1504270
1908539
1908539
1406750
1712358
1712358
1908539
1687806
1706462
1908539
1988459
1870456
1870456
1908539
1706462
1908539
1908539
1988459
1908539
1908539
1706462
1988459
1988459
1908539
1908539
1908539
1988459
936952
1951286
1951286
1988459
1951286
1706462
1951286
1951286
1951286
995746
1988459
1706462
1908539
1693319
1592884
1402671
1951286
1988459
1951286
1908539
1951286
1988459
1498572
1670372
1988459
1908539
1688056
1951286
1908539
1790745
1908539
1204238
1951286
1908539
1951286
1951286
1951286
1988459
1621419
1951286
1951286
1908539
1592884
1908539
1951286
1908539
1706462
1908539
1706462
1951286
1706462
1908539
1988459
1908539
1908539
1951286
1951286
2028187
2028187
2028187
1951286
1144325
2028187
1474338
2028187
1498572
1712358
1712358
1656243
2028187
2028187
1904047
1951286
1951286
2028187
1951286
1951286
2028187
2028187
2028187
2028187
1951286
1951286
1908539
2028187
2028187
1498572
1908539
2028187
1951286
2028187
1988459
2028187
1908539
2028187
2028187
1592884
1908539
2028187
2028187
1850050
1951286
1908539
1951286
2028187
1756026
2028187
1908539
2028187
1589445
2028187
1951286
1484358
1988459
1850050
2028187
1988459
1448959
1908539
1908539
1688056
2028187
1908539
1951286
2028187
2028187
2028187
2028187
2028187
1850050
1951286
1951286
2028187
2028187
1688056
1988459
1908539
1951286
1870456
1951286
1908539
1310877
1951286
1712358
1756026
2028187
2028187
1908539
2028187
1797578
1870456
1988459
1951286
2028187
1850050
1988459
2028187
1687806
1498572
2028187
1951286
2028187
2003383
2028187
1951286
2028187
2028187
2028187
2028187
2028187
2028187
1908539
2003383
2028187
2003383
1908539
2028187
2003383
1688056
2028187
2028187
2028187
1908539
2028187
2003383
1712358
2028187
2028187
2003383
1670372
1951286
2028187
1706462
2003383
2028187
2028187
1908539
2028187
1850050
1850050
2028187
2003383
2028187
1688056
1908539
1908539
1908539
2003383
1951286
2003383
1908539
1908539
1589445
2003383
2028187
2028187
2003383
2028187
1688056
2003383
2028187
2003383
1396639
2003383
2028187
2028187
2028187
1655371
2028187
2028187
2028187
2028187
985410
1908539
2028187
2028187
2028187
2028187
2028187
1493212
2028187
2003383
2003383
2003383
1847770
2028187
2028187
2003383
2028187
2003383
1847770
1951286
2028187
2003383
2003383
1706462
2003383
1908539
2028187
2028187
1951286
2028187
2028187
1293359
1498572
1988459
2028187
1688056
2028187
2028187
1908539
2028187
2003383
2003383
1493212
2028187
2028187
2003383
2028187
1850050
1747049
2028187
1908539
1589445
2028187
2028187
2028187
2028187
2028187
1951286
1406750
1850050
2028187
2028187
1747049
2003383
1951286
2028187
1022091
1850050
2003383
1847770
2028187
2028187
2028187
2028187
1908539
2028187
2003383
2028187
1333365
2028187
2003383
1850050
2028187
2003383
2028187
1655371
2028187
1655371
1778544
2028187
1899051
2003383
2028187
2003383
2003383
1850050
2028187
1908539
2003383
2028187
2028187
2028187
2028187
2028187
2028187
2028187
1908539
2028187
2028187
2003383
2028187
2028187
2028187
2028187
1908539
2028187
1672659
1589445
1706462
1850050
1951286
2028187
2003383
2028187
1951286
2028187
1951286
2028187
2003383
2003383
1790745
1899051
1908539
2028187
2028187
1688056
2028187
2028187
2003383
1908539
2028187
2028187
2028187
2028187
1406750
1850050
1908539
2003383
2003383
2028187
2003383
1790745
2028187
1531512
2003383
2028187
2028187
2028187
1904047
999568
2028187
2003383
1951286
2003383
2028187
2003383
2028187
2003383
2028187
2028187
2028187
2003383
2028187
2028187
2028187
2003383
1498572
2028187
2003383
1951286
2028187
2028187
1589445
1908539
1898509
1817676
2003383
1908539
1716290
2003383
2003383
1951286
2028187
2028187
1951286
2028187
2028187
2028187
2028187
1899051
1908539
1904047
2028187
1951286
2028187
1706462
2028187
1908539
1951286
2028187
1908539
2028187
1951286
1908539
2028187
1908539
2028187
1850050
2028187
1778544
2028187
1908539
2028187
1988459
2028187
1908539
2028187
1293359
2028187
2028187
1693928
1850050
1988459
1951286
2028187
2028187
1951286
2028187
1358352
1988459
1747049
1951286
2028187
2028187
1951286
2028187
2028187
2028187
1951286
1747049
1847770
2028187
1988459
2028187
1951286
1951286
2028187
1429863
1951286
2028187
1735136
1656243
1943601
1951286
2028187
2028187
1988459
1908539
2028187
1790745
1850050
1850050
2028187
2028187
2028187
2028187
2028187
1951286
1579357
1951286
2028187
2028187
1908539
1951286
1951286
2028187
2028187
1850050
1908539
2028187
1951286
1951286
1951286
2028187
2028187
1908539
1951286
1778544
1899051
2028187
1908539
1908539
1908539
1988459
1908539
2028187
2028187
2028187
1908539
1850050
1951286
1988459
2028187
2028187
1485570
2028187
1908539
2028187
1988459
1951286
2028187
2028187
1951286
2028187
1951286
2028187
1589445
1951286
1951286
2028187
2028187
1988459
2028187
1951286
1951286
1896208
1899051
1951286
2028187
1847770
1908539
1951286
1988459
1951286
1951286
1688056
1896208
1951286
2028187
2028187
1899051
1951286
1988459
1896208
2028187
2028187
2028187
1797578
2028187
1688056
1951286
1951286
1988459
1943601
2028187
2028187
1904047
1951286
2028187
2028187
1951286
1896208
1688056
2028187
2028187
1988459
1951286
2028187
2028187
1848920
2028187
2028187
2028187
1951286
2028187
1908539
2028187
1988459
1951286
2028187
1951286
1988459
2028187
2028187
1908539
1988459
1908539
2028187
1908539
2028187
1908539
1899051
1896208
1847770
1756026
1908539
2028187
2028187
2028187
2028187
2028187
1908539
2028187
1951286
1908539
1848920
1988459
2028187
2028187
2028187
2028187
2028187
1951286
1817676
2028187
1951286
2028187
2028187
2028187
2028187
1943601
1951286
2028187
1908539
1988459
2028187
2028187
2028187
2028187
2028187
1951286
2028187
1688056
2028187
1951286
1899051
1908539
1896208
2028187
2028187
1951286
2028187
2028187
1951286
2028187
1943601
2028187
1951286
1794974
1951286
1951286
1951286
2028187
1908539
1951286
2028187
2028187
2028187
1951286
1850050
1951286
2028187
2028187
1951286
2028187
1379689
1988459
1951286
1651898
2028187
1896208
1866451
1904047
2028187
2028187
1951286
2028187
1908539
2028187
1951286
1899051
1988459
1951286
1951286
1951286
2028187
1756026
1908539
1951286
1706462
1896208
2028187
2028187
1656243
1951286
1951286
1904047
2028187
2028187
1951286
2028187
1951286
2028187
2028187
1951286
1908539
2028187
2028187
1896208
1951286
1515198
1526022
2028187
2028187
2028187
1756026
1951286
2028187
1790745
2028187
2028187
2028187
1951286
1767838
1951286
2028187
1896208
1951286
1693319
1817676
1908539
2028187
1951286
1462523
1951286
2028187
2028187
2028187
2028187
1908539
1951286
1767838
1951286
2028187
2399674
1988459
1988459
1743849
1951286
2399674
2399674
1896208
1951286
1951286
1951286
1988459
1735136
1743849
1767838
1526022
1304383
1589445
1988459
1951286
1866451
2399674
1817676
1797578
1951286
1951286
2028187
1951286
2028187
2399674
1908539
2399674
1531512
1406750
2028187
2028187
2028187
1988459
1971873
2028187
2028187
1951286
2399674
1951286
1951286
1951286
2028187
1466552
1951286
2028187
1656243
2028187
1951286
2399674
1951286
2399674
1951286
1971873
1908539
2028187
1817676
1899051
1951286
1943601
1896208
1693928
1988459
2028187
1904047
2028187
1767838
2399674
2028187
2028187
2028187
2028187
1951286
1951286
1971873
1988459
2028187
1504270
1896208
1908539
2028187
1866451
1371424
2028187
2028187
1898509
1951286
1899051
1951286
1817676
1951286
2399674
1951286
1908539
2028187
2028187
1767838
1951286
1908539
2028187
2188330
1908539
2188330
1908539
1988459
1988459
1951286
1908539
1908539
2188330
1951286
2028187
2188330
1988459
1589445
1908539
1951286
1951286
1098831
2077432
1540915
2254090
1951286
1406750
2188330
1908539
2399674
1908539
1651898
2188330
2077432
1651898
1899051
2077432
1622928
2399674
1797578
2254090
1622928
2077432
2399674
2254090
1908539
2077432
2188330
1767838
2077432
2077432
2077432
1735136
2188330
2077432
2188330
2077432
2028187
2077432
2028187
2188330
1988459
1589445
2077432
1799195
2028187
1436151
1908539
2028187
2188330
1951286
2077432
2254090
2077432
2077432
2077432
2028187
2188330
2188330
1192885
2399674
2399674
1908539
2399674
2399674
2188330
2254090
1899051
2077432
1824047
2399674
2077432
2077432
1971873
1908539
2254090
2399674
2188330
1988459
2188330
2254090
2188330
2188330
2028187
2254090
2254090
2188330
1908539
1951286
1943601
2028187
1406750
2254090
2254090
2077432
1908539
2254090
2028187
1951286
2254090
2077432
2254090
2188330
2077432
2188330
2188330
2028187
2399674
2254090
2077432
2188330
2399674
1799195
2399674
2188330
2028187
1899051
2254090
2188330
2188330
2188330
1908539
2077432
2254090
2077432
2254090
2254090
1899051
2188330
2188330
1797578
2188330
1589445
2188330
2399674
2077432
2028187
1899051
1951286
1824047
2077432
1824047
1951286
2188330
1466552
1735136
2188330
2188330
2188330
2077432
2188330
2077432
2077432
1899051
2254090
2254090
2188330
2028187
2254090
2399674
2254090
2254090
2077432
1799195
1436151
2188330
2077432
2254090
2254090
2188330
2077432
1908539
1943601
2254090
1429863
1899051
2077432
2188330
2028187
1908539
2254090
2254090
2188330
2399674
1899051
1988459
2188330
1899051
2077432
1899051
2077432
2254090
2399674
1654667
2028187
2254090
2188330
2077432
2077432
2077432
2188330
1817676
2399674
2254090
2188330
2077432
2254090
2399674
2188330
2254090
2188330
1951286
1817676
2399674
1899051
1908539
2077432
2188330
2254090
2399674
2077432
2254090
2077432
2188330
2077432
1908539
2254090
1951286
1767838
2077432
1824047
2399674
2254090
2399674
2077432
1943601
2188330
2077432
1908539
2077432
1908539
2188330
2188330
2077432
1951286
2188330
2254090
2077432
2188330
1951286
1951286
1951286
587890
1943601
2254090
2399674
2077432
2254090
2399674
2399674
1908539
1799195
2077432
1899051
2254090
1908539
2399674
2028187
2028187
1908539
1908539
2254090
1735136
2254090
1908539
2399674
2077432
1951286
2399674
2254090
1797578
2399674
2077432
2399674
1735136
1304732
2077432
1908539
2077432
1427582
1908539
2399674
2188330
1706462
2077432
2077432
2188330
1951286
2188330
1908539
2399674
2188330
2077432
1951286
2188330
1735136
1899051
1794974
1908539
2188330
1899051
2188330
2254090
2188330
2188330
1899051
2077432
2254090
1908539
1908539
1799195
2028187
2188330
2077432
1908539
1988459
2188330
2254090
1951286
1899051
2077432
2077432
2137097
2188330
1908539
1432111
1908539
1799195
1908539
2188330
1988459
1899051
2254090
2137097
2188330
2188330
2188330
2254090
2399674
2254090
2077432
1908539
2077432
1988459
2077432
2399674
2028187
1951286
2188330
2254090
2077432
2254090
1951286
2254090
2399674
2399674
2188330
2077432
2254090
1908539
2188330
1908539
2188330
2254090
2028187
2028187
2399674
1988459
2077432
2399674
2188330
1899051
2188330
2077432
2077432
2254090
1899051
2188330
1908539
2399674
2124388
1371424
2077432
1899051
2124388
2188330
2188330
2188330
1899051
2254090
2124388
2077432
2188330
2124388
1988459
2124388
2188330
2077432
1799195
2188330
1799195
2124388
2188330
2124388
2254090
2188330
2399674
1899051
1498572
2077432
2077432
2188330
2077432
2399674
2124388
2077432
2124388
2124388
2028187
2124388
2188330
2124388
1951286
2188330
2188330
2399674
2254090
2077432
1706462
2077432
2188330
2028187
2124388
2077432
2254090
2188330
1951286
2254090
2254090
2077432
2124388
2124388
2254090
75188
2124388
1747049
2254090
2188330
1693928
2254090
2188330
2254090
2399674
2077432
2124388
1908539
2124388
2188330
2077432
999730
2399674
2188330
2077432
2077432
2124388
2124388
2254090
2188330
1847770
2124388
2077432
2124388
2124388
1899051
1988459
2254090
2399674
2188330
2077432
2077432
2124388
1672659
1799195
1908539
2254090
2188330
1951286
2254090
2077432
1951286
2124388
2188330
1951286
2188330
2077432
2188330
2399674
1034371
2399674
1943601
1847770
2124388
2124388
2124388
1688056
2124388
1908539
2254090
2124388
2254090
2399674
2028187
2188330
1943601
1951286
2254090
1664735
2124388
1951286
2188330
2254090
2399674
2137097
1484358
1570152
2254090
2124388
2124388
2077432
1908539
2124388
1988459
2188330
1568243
1943601
998432
2188330
2124388
2399674
2124388
2124388
1943601
2124388
1799195
2188330
1951286
2077432
2399674
1943601
2028187
2188330
2399674
2077432
2254090
2124388
2077432
2254090
2077432
2399674
2399674
1799195
2254090
2399674
2124388
2399674
1908539
2188330
1899051
2188330
2254090
2399674
2188330
2077432
1756026
1756026
2254090
1988459
2124388
2077432
2077432
2188330
2254090
1790745
2077432
1731847
2399674
2537883
2077432
2188330
2077432
2254090
2077432
2399674
2254090
1799195
2254090
2399674
1899051
1608757
1824047
2077432
2124388
2124388
1799195
2124388
2124388
2188330
2077432
2188330
2137097
2124388
2399674
2077432
2124388
1899051
2124388
2077432
2254090
2077432
2254090
2077432
2124388
2124388
2124388
1568243
2254090
2077432
2188330
2188330
1908539
2254090
2254090
2124388
2254090
2188330
2124388
2077432
2077432
2124388
2254090
2077432
2077432
2399674
2077432
2188330
1951286
2077432
2188330
2254090
2124388
2124388
2188330
2188330
2254090
2188330
1651898
1943601
2124388
2077432
2077432
2399674
2399674
2188330
2077432
2254090
2399674
2077432
2124388
2124388
2124388
2254090
2077432
2124388
1908539
2399674
2254090
2188330
2077432
2124388
2077432
2399674
1951286
2124388
2188330
2399674
2399674
1799195
2399674
2124388
2077432
2537883
2124388
2077432
1951286
2188330
2188330
2188330
2188330
2077432
2254090
1951286
2188330
2188330
2077432
2254090
2537883
2254090
2537883
2399674
2137097
2077432
2188330
1899051
2124388
2124388
1330248
1824047
2188330
1951286
1899051
2188330
2178633
2188330
2178633
2178633
1664735
2178633
2188330
2399674
2178633
2137097
2077432
2178633
2254090
2254090
2254090
2077432
2188330
2178633
2124388
2124388
2178633
2254090
2124388
2077432
2178633
2188330
2188330
2178633
2254090
2188330
2124388
2188330
2124388
2124388
2124388
1951286
2124388
2399674
2254090
1799195
2124388
2399674
1908539
2254090
2254090
2178633
2188330
2399674
2399674
2188330
2188330
2077432
1973214
2188330
2188330
2077432
2124388
1799195
2188330
2124388
2254090
2077432
2124388
2254090
1866451
2124388
2188330
2399674
2077432
1735136
2399674
1951286
2188330
2077432
1799195
2077432
2254090
2124388
2124388
2124388
2124388
2254090
1951286
1498572
1908539
2188330
2077432
2124388
2399674
2124388
2188330
2178633
2178633
2254090
2077432
2124388
2254090
2188330
2178633
1799195
2188330
2188330
2254090
2124388
2178633
2188330
2254090
2188330
2399674
2188330
2124388
2178633
2124388
2178633
2178633
2188330
2537883
1839569
2124388
2188330
1951286
2254090
2254090
2178633
2178633
2178633
1899051
2137097
2254090
2188330
2188330
2124388
1817676
1099447
2188330
2137097
2178633
2188330
1799195
2188330
2188330
2124388
2188330
1845282
1651077
2254090
2124388
2399674
2188330
1839569
2188330
2178633
2188330
2178633
2028187
2124388
2077432
2178633
2254090
2188330
2188330
1899051
2124388
2188330
2188330
2399674
1899051
2124388
2254090
2254090
1799195
2178633
2124388
2124388
2028187
2124388
2028187
2188330
2188330
2077432
1799195
2188330
2178633
2178633
2399674
1908539
2399674
2124388
2399674
2254090
2254090
2188330
2178633
2188330
1757774
2399674
2178633
2399674
1656243
2124388
2188330
1908539
2254090
2077432
2188330
1899051
2254090
2188330
2124388
2399674
2178633
2399674
2124388
2188330
1951286
2188330
2254090
1799195
2178633
2077432
1908539
2254090
2124388
2188330
2399674
1908539
2188330
2254090
1899051
1899051
2077432
2399674
2399674
1908539
2124388
2077432
2254090
2178633
2124388
2124388
2124388
2124388
2254090
2188330
2188330
2399674
2124388
2399674
2188330
2399674
2124388
2188330
2188330
2124388
2188330
1899051
2178633
2188330
2188330
2077432
2188330
2077432
2254090
2188330
2188330
2178633
2178633
2399674
2077432
2254090
2077432
2124388
1899051
2188330
2077432
2254090
2188330
1899051
2188330
2124388
2188330
2188330
2399674
2399674
2188330
2254090
2028187
2124388
2124388
1908539
2188330
2124388
2124388
2254090
2137097
2178633
2124388
2178633
2124388
2188330
2077432
2254090
2124388
2124388
2399674
2178633
1585865
2077432
1908539
2188330
1908539
2254090
2077432
1973214
2399674
2682903
2399674
2188330
2682903
2254090
2682903
2124388
2254090
2178633
2682903
2254090
2124388
1794974
2188330
2399674
2254090
2077432
1793416
2178633
2077432
2188330
2254090
2682903
1716543
1951286
2254090
2188330
2124388
2188330
2124388
2124388
2254090
2399674
1750432
2399674
2399674
2188330
1899051
2188330
1767838
2399674
2178633
2682903
1908539
1023379
1951286
2079630
2077432
1824047
2188330
1735136
2124388
1951286
1908539
2178633
2077432
1799195
2682903
2178633
2682903
2178633
2028187
2124388
2188330
2124388
2188330
2178633
2399674
2682903
2188330
1664735
2124388
2178633
2254090
2178633
1799195
2399674
1908539
2188330
2682903
2188330
2178633
2077432
2412900
2399674
2412900
2682903
2077432
2399674
2412900
2178633
2412900
2412900
2077432
1756026
2412900
2412900
1756026
2682903
1767838
2399674
2188330
2412900
2412900
2412900
2188330
2412900
2188330
2254090
2254090
2188330
1270574
2018805
2188330
2412900
2412900
2412900
2077432
2412900
2254090
2077432
2399674
2254090
2412900
2137097
2412900
2188330
2399674
2412900
2412900
1651077
2124388
2254090
2124388
2254090
2412900
2412900
2412900
2412900
2412900
2412900
2682903
2412900
2124388
2412900
2399674
2412900
2188330
2399674
2077432
2412900
2412900
1839569
2399674
2137097
2412900
1940649
2124388
2412900
2399674
1908539
1861391
2188330
2399674
2412900
2412900
2412900
1654667
2188330
2188330
2412900
1750432
2137097
2254090
2412900
2188330
2178633
1908539
2412900
2682903
2124388
2412900
2412900
2412900
2254090
2124388
2412900
2412900
2124388
2124388
2124388
2412900
2412900
2412900
2124388
2124388
2412900
2412900
1623987
2077432
2077432
2188330
2682903
2412900
2412900
2412900
2124388
2399674
2412900
2254090
2412900
2254090
2412900
2412900
2412900
2412900
2028187
1824047
2412900
2412900
2412900
1824047
2254090
2412900
2060258
2188330
2682903
2412900
2412900
2412900
2254090
2412900
2412900
2178633
2412900
2682903
1835749
2412900
2399674
2412900
2412900
2412900
2412900
2412900
2682903
2412900
1951286
2254090
2412900
2412900
2412900
2412900
2188330
2412900
1904047
2682903
2412900
2682903
2254090
2254090
2188330
2254090
2412900
1940649
2188330
2412900
2412900
2412900
2412900
2412900
2077432
2412900
2412900
2254090
2412900
2178633
2682903
2254090
2188330
2682903
1908539
2188330
2188330
2412900
2412900
2124388
2412900
2412900
1651077
2254090
2124388
2412900
2682903
1908539
2178633
2124388
2412900
2412900
2412900
2188330
1899051
2412900
2412900
2188330
2412900
2412900
2399674
2412900
2682903
2188330
2188330
2412900
2682903
2412900
2412900
1908539
2188330
2077432
2188330
2412900
2412900
2254090
2412900
2399674
1899051
2077432
2178633
2412900
2412900
2412900
2412900
2412900
2178633
2188330
2412900
2178633
2188330
2077432
2412900
2412900
2412900
2412900
1926748
2412900
2412900
2412900
2412900
2412900
1750432
2399674
2399674
2412900
2412900
2159033
2077432
2412900
2412900
2124388
2412900
2188330
2412900
2077432
2077432
2412900
2178633
2682903
2412900
2412900
1926748
2412900
2412900
2412900
1747049
2682903
2412900
2188330
1693928
2188330
2399674
2399674
2412900
2124388
2412900
2254090
2399674
2399674
2682903
2412900
1899051
1908539
2412900
2137097
2412900
2124388
2412900
1899051
2124388
1973214
2254090
2399674
2412900
2412900
2178633
2682903
1427582
2254090
2412900
1908539
2682903
2412900
2139263
2399674
2188330
2412900
2178633
2178633
1926748
2682903
2188330
2412900
2028187
2682903
2412900
2399674
2412900
2682903
2412900
2412900
2139263
1462523
2178633
2412900
2188330
2188330
2399674
2254090
2188330
1926748
2412900
2412900
2178633
2412900
2412900
2412900
2412900
2412900
1926748
2412900
2188330
2412900
2412900
2412900
2124388
2159033
2254090
2077432
1652421
2412900
2188330
2412900
2188330
2412900
2254090
2412900
2412900
2412900
2018805
2412900
2254090
2412900
2139263
2412900
2124388
2077432
2412900
2399674
2139263
2178633
2412900
1759763
2412900
2254090
2124388
2682903
2412900
2682903
2399674
2412900
1756026
2188330
2178633
2254090
1973214
1951286
2412900
2137097
1951286
2412900
2188330
2412900
2412900
2178633
2412900
2412900
2139263
2412900
2412900
2412900
2412900
2412900
2412900
2412900
2412900
2412900
2178633
2412900
2412900
1839569
2139263
1824047
2412900
2124388
2412900
2412900
2682903
2412900
2077432
2412900
2682903
2254090
2188330
2139263
2682903
2139263
2412900
2254090
2399674
2188330
2412900
2399674
2412900
2399674
2412900
2412900
2412900
2399674
2412900
2412900
2412900
2188330
2412900
2412900
2188330
2139263
2412900
2188330
2188330
2254090
2412900
2254090
2412900
2412900
2412900
923700
2178633
2399674
2682903
2399674
2412900
2178633
2412900
2412900
2412900
2682903
2412900
2412900
2412900
2178633
2412900
2412900
2412900
2412900
1951286
2077432
2254090
2139263
2412900
2412900
1757774
2412900
2412900
1759763
1716543
2188330
2682903
2399674
2124388
2412900
2412900
2412900
2412900
2412900
2399674
2412900
2412900
2412900
2188330
2412900
2412900
2412900
2188330
2412900
2254090
2412900
2013233
2178633
2412900
2682903
2412900
2682903
2412900
2013233
2412900
2287972
2412900
2412900
2412900
2077432
2287972
2682903
2412900
2254090
2124388
1973214
2399674
2399674
2412900
2188330
2077432
2178633
2254090
2412900
2412900
2178633
2412900
2137097
792062
2139263
2412900
2412900
2139263
1801331
2412900
2188330
2399674
2412900
2412900
2412900
2412900
2077432
2399674
2124388
2412900
2287972
2178633
2287972
2178633
2412900
2412900
1940649
2412900
2188330
2412900
2139263
2178633
2399674
1839569
2412900
2287972
2139263
2287972
2412900
2412900
2412900
2412900
2254090
2188330
1824047
2287972
2412900
2412900
2399674
2077432
2412900
2399674
2178633
2682903
2077432
2412900
2077432
2412900
2682903
2412900
1875629
2254090
2682903
2188330
2287972
2682903
2412900
2412900
2412900
2399674
2412900
2399674
2412900
2287972
2412900
2077432
1926748
2412900
2412900
2254090
2254090
2287972
1540915
2412900
2399674
2412900
2412900
2188330
2412900
2412900
2254090
2682903
2412900
2412900
2399674
2399674
2412900
2412900
2287972
2682903
2188330
2077432
2412900
2412900
2412900
2399674
2412900
2178633
2254090
2188330
2412900
2412900
2188330
2412900
2412900
2137097
2139263
1951286
2077432
2412900
2412900
2178633
2412900
2412900
2412900
2412900
1951286
2399674
2287972
2399674
1638283
2188330
2412900
2188330
2412900
1767838
2412900
2412900
2287972
2178633
2412900
2412900
2124388
2399674
2412900
2077432
1782153
2412900
2254090
2254090
2412900
2178633
2178633
2077432
2188330
2013233
2188330
2178633
2412900
2412900
1926748
2412900
2399674
2139263
2412900
2412900
2178633
2287972
2399674
2412900
2254090
2412900
2412900
2682903
2682903
2412900
2254090
2124388
2412900
2412900
2412900
2399674
2412900
2188330
2399674
2412900
2412900
2412900
2399674
2682903
2682903
2254090
2188330
1951286
2188330
2178633
2412900
2412900
2124388
2254090
2013233
2077432
2178633
2412900
2139263
2013233
2287972
2412900
2287972
2254090
2412900
2412900
2254090
2682903
2682903
2399674
2254090
2412900
2412900
2188330
2412900
2188330
2412900
2399674
2188330
2139263
2077432
2412900
2139263
2682903
2399674
2682903
2412900
2188330
2412900
2399674
2682903
2412900
2412900
2412900
2412900
2254090
2287972
2412900
2399674
2399674
2188330
2412900
2399674
2412900
2682903
2124388
2412900
2188330
2254090
2412900
2682903
2412900
2399674
2399674
2412900
2013233
2399674
2137097
2412900
2412900
2399674
2682903
2682903
2412900
2682903
2287972
2412900
2287972
2287972
2412900
2412900
2188330
2254090
2399674
2124388
2188330
2412900
2254090
2188330
2412900
2412900
2412900
2412900
2287972
2287972
2412900
2262359
2412900
1951286
2139263
2399674
2287972
2262359
2139263
2412900
1835749
2412900
2412900
2412900
2412900
2254090
2254090
2412900
2412900
2682903
1810450
2137097
2254090
2412900
2287972
2412900
2412900
2399674
2139263
2412900
1716543
2399674
2399674
2013233
2188330
2412900
2287972
2412900
2412900
2399674
2412900
2412900
2412900
2262359
2412900
2412900
1767838
2412900
2412900
2287972
2412900
2682903
2178633
2137097
2412900
2124388
1716543
2399674
2412900
2188330
2262359
2682903
2412900
2412900
2254090
1951286
2412900
2412900
2188330
2287972
2412900
2139263
2412900
2412900
2139263
2013233
2254090
2412900
2254090
2188330
2254090
2262359
2124388
2399674
2412900
2079630
2682903
1899051
2412900
2412900
2412900
2077432
2412900
2412900
1835749
2254090
2188330
2412900
2399674
1549418
2412900
2412900
2412900
2412900
2077432
2124388
2139263
2412900
2412900
2077432
2412900
2682903
2412900
2124388
2399674
2412900
2139263
2013233
2412900
2412900
2287972
1951286
2412900
2412900
2137097
2412900
2449336
1868411
2139263
2188330
2412900
2287972
2412900
2254090
2449336
2412900
2254090
2399674
2412900
2261881
2412900
2449336
2188330
2412900
2412900
2412900
2412900
2682903
2188330
2077432
2449336
2449336
2449336
2412900
2188330
2412900
2449336
2124388
2682903
2449336
2139263
2412900
2077432
2449336
2682903
2412900
2188330
2412900
2449336
2188330
2449336
2682903
2077432
2124388
2254090
2449336
2254090
2124388
2139263
2412900
2399674
2137097
2077432
2412900
2449336
2254090
2412900
1818212
2412900
2412900
1482733
2412900
2254090
2412900
1743849
2412900
2124388
2412900
2412900
2412900
2399674
2682903
2449336
2412900
2412900
2682903
2664709
2664709
2664709
2682903
2664709
2664709
2682903
2254090
2664709
2449336
2664709
2188330
2664709
2664709
2664709
2124388
2399674
2664709
2664709
2664709
2682903
2412900
2682903
2449336
2664709
2664709
2254090
2664709
1676090
2287972
2449336
2664709
2412900
2449336
2254090
2449336
2664709
2664709
2412900
2287972
2664709
2412900
2664709
2449336
2682903
2664709
2664709
2664709
2013233
2412900
2013233
2664709
2412900
2682903
2449336
2664709
2412900
2682903
2449336
2188330
2664709
2664709
2412900
1909579
2664709
2254090
2664709
2682903
2664709
2682903
2664709
2664709
2664709
2664709
2664709
2664709
2449336
2664709
2254090
2664709
2664709
2682903
2159033
2664709
2449336
2449336
2664709
2412900
2664709
2077432
2664709
2124388
2254090
2664709
2664709
2664709
2449336
2664709
2664709
2664709
2664709
2664709
2664709
2412900
2664709
2664709
2664709
2287972
2664709
2449336
2412900
2449336
2664709
2664709
2664709
2449336
2412900
2664709
2664709
2221442
2664709
2664709
2664709
2365638
2254090
2449336
2664709
2449336
2449336
2664709
1716543
2287972
2664709
2664709
2664709
1898509
2152958
2412900
2188330
2664709
2664709
2664709
2412900
2664709
2682903
2664709
2449336
2399674
2664709
2124388
2664709
2287972
2664709
2287972
2682903
2664709
2664709
2254090
2412900
2449336
1899051
2013233
2399674
2254090
2664709
2412900
2188330
2412900
2254090
2664709
2188330
2399674
2664709
2188330
2664709
2412900
2664709
2664709
2124388
2449336
2664709
2664709
2664709
2412900
1951286
2664709
2124388
2013233
2287972
2664709
2449336
2124388
1638111
2178633
2682903
2412900
2254090
1879973
2664709
2412900
2077432
2124388
2664709
2399674
2399674
2664709
2254090
2664709
2664709
2287972
2682903
2664709
2664709
2221442
2412900
2664709
2399674
2664709
2664709
2664709
2664709
2682903
2664709
2664709
2412900
2682903
2449336
2287972
2664709
1794974
2664709
2664709
2664709
2682903
2449336
2664709
2664709
2664709
2412900
2188330
2664709
2365638
2664709
2412900
2664709
2412900
2449336
1908539
2664709
2152958
2664709
2664709
2664709
2664709
2077432
2449336
2412900
2077432
2664709
2124388
2188330
2412900
2449336
2664709
2664709
2254090
2682903
2664709
2664709
2664709
2664709
2254090
2178633
2664709
2664709
2449336
2664709
2664709
2188330
2664709
2664709
2664709
2412900
2664709
2449336
2449336
2412900
2449336
2287972
2412900
2412900
2449336
2124388
2412900
2178633
2664709
2664709
2664709
2664709
2399674
2188330
2682903
2664709
2664709
2664709
2412900
1647470
2664709
2664709
2412900
2412900
2664709
2412900
2664709
2664709
2664709
2287972
2664709
2449336
2449336
2085378
2077432
2124388
2664709
2682903
2664709
2449336
2664709
2188330
2682903
2412900
1638111
2449336
2412900
2682903
2287972
2412900
2664709
2188330
2664709
2664709
2412900
2682903
2254090
2664709
2412900
2664709
2449336
2412900
2682903
2449336
2664709
2449336
2664709
2664709
2412900
2664709
2508842
2287972
2664709
2664709
1824540
2508842
2664709
2508842
1835749
2664709
2221442
2412900
2287972
2682903
2682903
2664709
2664709
2664709
2682903
2664709
2664709
2412900
2412900
2152958
2487362
2254090
2664709
2287972
2664709
2664709
2508842
2664709
2412900
2664709
2664709
2664709
2664709
2664709
2664709
2412900
2664709
2664709
2508842
2664709
2664709
2664709
2664709
2449336
2664709
2664709
2449336
2412900
2664709
2682903
2664709
2664709
2508842
2664709
2664709
2664709
2664709
2664709
1879973
2664709
2664709
2664709
2664709
2412900
2124388
2188330
2664709
2449336
2077432
2449336
2188330
2664709
2449336
2664709
2664709
2487362
2682903
2682903
2412900
2412900
2449336
2664709
2287972
2449336
2664709
2664709
2449336
2664709
2664709
2508842
2664709
2664709
2178633
2664709
2449336
2682903
1951286
2664709
2664709
2664709
2664709
2254090
2664709
2412900
2124388
2412900
1611172
2287972
2682903
2449336
2412900
2412900
2664709
2664709
2449336
2178633
2412900
2664709
1879973
2449336
2682903
2508842
2287972
1909579
2412900
2508842
2124388
2664709
2508842
2508842
2664709
2664709
2449336
2188330
2664709
2664709
2013233
2664709
2085378
2682903
2412900
2412900
2664709
2664709
2412900
2449336
2664709
2682903
2188330
2412900
2412900
2013233
2664709
2664709
2013233
1879973
2664709
2124388
2412900
2412900
2664709
2411522
2399674
2664709
2664709
2664709
2262359
2664709
2682903
2664709
2449336
2487362
2287972
2664709
2664709
2664709
2664709
2664709
1838367
2449336
2449336
2449336
2487362
2682903
2412900
2682903
1654475
2412900
2664709
2664709
2664709
2664709
2412900
2664709
2449336
2664709
2449336
2412900
2664709
2188330
2449336
1898579
2664709
2449336
2412900
2664709
2664709
2664709
2508842
2682903
2664709
2664709
1782153
2412900
2412900
2682903
2412900
2664709
2682903
2664709
2018805
2412900
2188330
2412900
2664709
2449336
2664709
2664709
2664709
2412900
2664709
2664709
2449336
2449336
2287972
2412900
2664709
2449336
2682903
2124388
2664709
2287972
2664709
1879973
2664709
2124388
2412900
2449336
2508842
2664709
2664709
2449336
2664709
2664709
2664709
2449336
2508842
2449336
2664709
2664709
1453965
2664709
2124388
2664709
2664709
2664709
2664709
2664709
2124388
2682903
2152958
2664709
2449336
2412900
2412900
2664709
2487362
2449336
2664709
2188330
2664709
2664709
2412900
2077432
2412900
2664709
2449336
2412900
2664709
2664709
2664709
2664709
2664709
2682903
2664709
2449336
2411522
2013233
1879973
2682903
2664709
2412900
2664709
2664709
2664709
2664709
2411522
2664709
2508842
2682903
2705436
2705436
2705436
2705436
2705436
2705436
2705436
1899051
2152958
2449336
2449336
2705436
2705436
2664709
1731847
1951286
2705436
2705436
2664709
2705436
2705436
2287972
2705436
2411522
2705436
2705436
2664709
2508842
2287972
2449336
2079630
2705436
2705436
2705436
2664709
2705436
2705436
2705436
2028187
1820268
2664709
2705436
2705436
2178633
2664709
921773
2705436
1951286
2508842
2705436
2682903
2705436
2705436
2508842
2664709
2705436
2705436
2705436
2705436
2188330
2705436
2705436
2124388
2449336
2682903
2664709
2682903
1622928
2664709
2705436
2664709
2682903
2664709
2412900
2705436
2705436
2508842
2664709
2287972
2664709
2705436
2705436
2705436
2664709
2705436
2411522
2705436
2705436
2085378
2664709
2664709
2705436
2705436
2664709
2124388
2705436
2664709
2705436
2705436
2705436
2664709
2705436
2682903
2077432
2705436
2705436
2188330
2705436
2705436
2705436
2705436
2705436
2664709
2705436
2705436
2664709
2705436
2705436
2664709
2664709
2705436
2013233
2664709
2705436
2705436
2124388
2449336
2664709
2077432
2705436
1716543
2508842
2664709
2705436
2705436
2213467
2664709
2705436
2705436
2705436
2664709
2705436
2664709
2107619
2664709
2705436
2664709
2664709
2508842
2508842
2705436
2449336
2664709
2705436
2664709
2705436
2449336
2411522
2664709
2412900
2449336
2188330
2705436
2705436
2705436
2188330
2664709
2664709
2508842
2705436
2664709
2705436
2508842
2705436
2705436
2705436
2705436
2682903
2705436
2262359
1951286
2705436
2705436
980218
2297724
2664709
2705436
2705436
2077432
2705436
2124388
2705436
2705436
2508842
2411522
2705436
2705436
2705436
2213467
2705436
2508842
2664709
2449336
2508842
2664709
2508842
2664709
2705436
2705436
2411522
2449336
2411522
2705436
1750432
2449336
2705436
2705436
2705436
2664709
2682903
2705436
2664709
1472275
2705436
2705436
2705436
2705436
2664709
2449336
2682903
2705436
2449336
2705436
2705436
2664709
2287972
1716543
2705436
2542910
2213467
2705436
2705436
2705436
2705436
2705436
2705436
2664709
990899
2664709
2705436
2487362
2664709
2705436
2705436
2705436
2705436
2705436
2077432
2705436
2542910
2705436
2705436
2287972
2664709
2664709
2077432
2705436
2449336
2213467
2705436
2705436
2705436
2152958
2705436
2213467
2188330
2705436
2705436
2705436
2705436
2213467
2705436
2664709
2705436
2664709
2705436
2124388
2705436
2705436
2542910
2664709
2705436
2124388
2213467
2705436
2705436
2705436
2705436
2705436
2705436
1951286
2664709
2287972
2449336
2705436
2287972
2213467
2664709
1967999
2664709
2664709
2705436
2664709
2664709
2705436
1980276
2705436
2682903
2124388
2705436
2705436
2664709
2664709
2412900
2542910
2664709
2705436
2705436
2705436
2077432
2412900
2152958
2664709
2077432
2412900
2705436
2664709
2664709
2213467
2542910
2399674
2542910
2449336
2664709
2664709
2705436
2664709
1824540
2705436
2664709
2449336
2705436
2705436
2705436
2664709
1632719
2449336
2449336
2705436
2705436
2705436
2287972
2705436
2705436
2152958
2152958
2664709
2705436
2705436
2449336
2411522
2705436
1951286
2705436
2124388
2705436
2664709
2018805
2682903
2664709
2664709
2705436
1750432
2664709
2705436
2705436
1713083
2542910
2705436
1868411
2731774
2705436
2731774
2682903
2705436
2287972
2664709
2449336
2542910
2731774
2188330
2705436
2731774
2731774
2731774
2731774
2731774
2731774
2664709
2705436
2077432
2705436
2731774
2731774
2731774
2705436
2731774
2731774
2449336
2664709
1801331
2449336
1623987
2664709
1898509
2705436
2705436
2664709
2682903
2731774
2705436
2731774
2731774
2262359
2287972
2705436
2449336
2731774
2731774
2213467
2705436
2664709
2731774
2731774
2731774
2137097
1578768
2731774
2705436
2731774
2664709
2731774
2291780
2705436
2142594
2705436
2705436
2731774
2705436
2705436
2731774
2664709
2705436
2291780
2664709
2731774
2705436
2705436
2731774
2731774
2705436
2664709
2705436
2731774
2731774
2705436
2542910
2705436
2731774
2731774
2731774
2731774
2682903
1909579
2731774
2705436
2731774
2705436
2682903
2682903
2705436
2291780
2731774
2731774
2731774
2705436
2705436
2682903
2731774
2291780
2705436
2705436
2731774
2705436
2682903
2731774
2291780
2731774
2731774
2449336
2705436
2449336
2682903
2705436
2731774
2705436
2731774
2449336
2705436
2731774
2731774
2705436
2705436
2291780
2705436
1461432
2731774
2705436
2188330
1922800
2542910
2682903
2188330
2705436
2542910
2731774
2124388
2731774
2731774
2731774
2705436
2731774
2731774
2731774
2731774
2705436
2412900
2664709
2705436
2731774
2731774
2731774
2705436
2705436
2731774
2731774
2731774
2731774
2077432
2731774
2705436
2664709
2449336
2731774
2731774
2731774
2291780
2682903
2213467
2705436
2542910
2291780
2731774
2411522
2731774
2077432
2731774
2705436
2731774
2124388
2731774
2731774
2705436
2188330
2705436
2705436
2287972
2018805
2705436
2705436
2731774
2664709
2731774
2412900
2705436
2705436
2664709
2705436
2705436
2291780
2705436
2731774
2705436
2705436
2542910
2731774
1902014
2291780
2731774
2731774
2910665
2910665
2910665
2910665
2705436
2731774
2910665
2705436
2910665
2664709
1926748
2705436
2731774
2664709
2705436
2664709
2910665
2664709
2910665
2542910
2910665
2910665
2910665
2705436
2279879
2731774
2664709
2731774
2910665
2188330
2910665
2910665
2910665
2731774
2682903
2731774
2731774
2910665
2910665
2664709
2731774
2705436
2731774
2731774
2593857
2910665
2705436
2731774
2910665
2705436
2731774
2213467
2731774
2248830
2412900
2910665
2910665
2731774
2731774
2910665
2731774
2910665
2910665
2731774
1615884
1629649
2731774
2910665
2731774
2731774
2682903
2731774
2731774
2542910
2412900
2412900
2731774
2910665
2705436
2731774
2705436
2731774
2705436
2731774
2291780
2731774
2910665
2910665
2291780
2910665
2664709
2731774
2705436
2705436
2731774
2291780
2731774
2731774
2279879
2542910
2731774
2664709
2910665
2705436
2910665
2664709
2731774
2291780
2910665
2731774
2731774
2664709
2262359
2731774
2731774
2910665
2910665
2731774
2705436
2731774
2731774
2910665
2664709
2705436
2731774
2664709
2731774
2910665
2910665
2910665
2910665
2705436
2910665
2731774
